# ecut,   Bind_x,   Bind_y,   Bind_z,    Bext,    sigma_x(ppm),   sigma_y,   sigma_z
10 2.70942e-07 -2.99976e-22 0 0.00698132 0.0259704 -2.87534e-17 0
10 2.67776e-07 1.2103e-21 0 0.00698132 0.025667 1.1601e-16 0 (dft)
10 2.70942e-07 -2.02065e-22 0 0.00698132 0.0259704 -1.93685e-17 0
10 2.67776e-07 -1.28827e-21 0 0.00698132 0.025667 -1.23484e-16 0 (dft)
10 2.70942e-07 -2.08184e-21 0 0.00698132 0.0259704 -1.99549e-16 0
10 2.67776e-07 -1.28301e-21 0 0.00698132 0.025667 -1.2298e-16 0 (dft)
10 2.70942e-07 -2.21847e-21 0 0.00698132 0.0259704 -2.12645e-16 0
10 2.67776e-07 -1.60972e-21 0 0.00698132 0.025667 -1.54295e-16 0 (dft)
10 2.70942e-07 -3.68035e-23 0 0.00698132 0.0259704 -3.52771e-18 0
10 2.67776e-07 -1.65403e-22 0 0.00698132 0.025667 -1.58543e-17 0 (dft)
15 7.78449e-08 -1.90706e-21 0 0.00698132 0.00746162 -1.82797e-16 0
15 7.70586e-08 -2.71082e-21 0 0.00698132 0.00738625 -2.59838e-16 0 (dft)
15 7.78449e-08 -2.83151e-21 0 0.00698132 0.00746162 -2.71407e-16 0
15 7.70586e-08 -3.30146e-21 0 0.00698132 0.00738625 -3.16453e-16 0 (dft)
15 7.78449e-08 -2.22398e-21 0 0.00698132 0.00746162 -2.13174e-16 0
15 7.70586e-08 -2.9905e-21 0 0.00698132 0.00738625 -2.86646e-16 0 (dft)
15 7.78449e-08 -3.10797e-21 0 0.00698132 0.00746162 -2.97906e-16 0
15 7.70586e-08 -3.74541e-21 0 0.00698132 0.00738625 -3.59006e-16 0 (dft)
15 7.78449e-08 -2.87757e-21 0 0.00698132 0.00746162 -2.75822e-16 0
15 7.70586e-08 -4.28168e-21 0 0.00698132 0.00738625 -4.10409e-16 0 (dft)
20 -4.63694e-08 1.29665e-20 0 0.00698132 -0.00444462 1.24287e-15 0
20 -4.63986e-08 1.39659e-20 0 0.00698132 -0.00444742 1.33867e-15 0 (dft)
20 -4.63694e-08 2.24448e-21 0 0.00698132 -0.00444462 2.15139e-16 0
20 -4.63986e-08 5.73016e-21 0 0.00698132 -0.00444742 5.4925e-16 0 (dft)
20 -4.63694e-08 3.19576e-21 0 0.00698132 -0.00444462 3.06321e-16 0
20 -4.63986e-08 5.0536e-21 0 0.00698132 -0.00444742 4.84399e-16 0 (dft)
20 -4.63694e-08 3.4671e-21 0 0.00698132 -0.00444462 3.3233e-16 0
20 -4.63986e-08 4.19245e-21 0 0.00698132 -0.00444742 4.01857e-16 0 (dft)
20 -4.63694e-08 3.55091e-21 0 0.00698132 -0.00444462 3.40363e-16 0
20 -4.63986e-08 5.51564e-21 0 0.00698132 -0.00444742 5.28688e-16 0 (dft)
25 2.69067e-08 -4.14699e-18 0 0.00698132 0.00257907 -3.97499e-13 0
25 2.68873e-08 -4.15729e-18 0 0.00698132 0.00257722 -3.98487e-13 0 (dft)
25 2.69067e-08 7.99262e-23 0 0.00698132 0.00257907 7.66112e-18 0
25 2.68873e-08 -2.1985e-21 0 0.00698132 0.00257722 -2.10731e-16 0 (dft)
25 2.69067e-08 -1.19915e-21 0 0.00698132 0.00257907 -1.14942e-16 0
25 2.68873e-08 -3.02143e-21 0 0.00698132 0.00257722 -2.89611e-16 0 (dft)
25 2.69067e-08 -1.05752e-21 0 0.00698132 0.00257907 -1.01366e-16 0
25 2.68873e-08 -2.87755e-21 0 0.00698132 0.00257722 -2.7582e-16 0 (dft)
25 2.69067e-08 -3.48003e-22 0 0.00698132 0.00257907 -3.3357e-17 0
25 2.68873e-08 -3.06194e-21 0 0.00698132 0.00257722 -2.93494e-16 0 (dft)
30 2.69067e-08 -2.71434e-16 0 0.00698132 0.00257907 -2.60176e-11 0
30 2.68873e-08 -2.72016e-16 0 0.00698132 0.00257721 -2.60734e-11 0 (dft)
30 2.69067e-08 -5.20765e-22 0 0.00698132 0.00257907 -4.99166e-17 0
30 2.68873e-08 -2.84026e-21 0 0.00698132 0.00257722 -2.72245e-16 0 (dft)
30 2.69067e-08 -6.49375e-22 0 0.00698132 0.00257907 -6.22442e-17 0
30 2.68873e-08 -2.85683e-21 0 0.00698132 0.00257722 -2.73835e-16 0 (dft)
30 2.69067e-08 -4.33359e-22 0 0.00698132 0.00257907 -4.15385e-17 0
30 2.68873e-08 -2.05456e-21 0 0.00698132 0.00257722 -1.96934e-16 0 (dft)
30 2.69067e-08 -2.87429e-22 0 0.00698132 0.00257907 -2.75508e-17 0
30 2.68873e-08 -2.34929e-21 0 0.00698132 0.00257722 -2.25185e-16 0 (dft)
35 2.29957e-08 3.21194e-15 0 0.00698132 0.00220419 3.07872e-10 0
35 2.29022e-08 3.2179e-15 0 0.00698132 0.00219523 3.08444e-10 0 (dft)
35 2.29959e-08 4.6691e-22 0 0.00698132 0.00220421 4.47544e-17 0
35 2.29024e-08 2.18768e-21 0 0.00698132 0.00219525 2.09694e-16 0 (dft)
35 2.29959e-08 -3.34139e-21 0 0.00698132 0.00220421 -3.20281e-16 0
35 2.29024e-08 -2.03794e-21 0 0.00698132 0.00219525 -1.95342e-16 0 (dft)
35 2.29959e-08 -3.19878e-21 0 0.00698132 0.00220421 -3.06611e-16 0
35 2.29024e-08 -1.61872e-21 0 0.00698132 0.00219525 -1.55158e-16 0 (dft)
35 2.29959e-08 -3.85593e-21 0 0.00698132 0.00220421 -3.696e-16 0
35 2.29024e-08 -2.10806e-21 0 0.00698132 0.00219525 -2.02063e-16 0 (dft)
40 2.76734e-08 5.30721e-14 0 0.00698132 0.00265256 5.08709e-09 0
40 2.77174e-08 5.31635e-14 0 0.00698132 0.00265678 5.09585e-09 0 (dft)
40 2.76751e-08 1.3504e-19 0 0.00698132 0.00265273 1.29439e-14 0
40 2.77191e-08 1.34379e-19 0 0.00698132 0.00265694 1.28806e-14 0 (dft)
40 2.76751e-08 -1.82647e-21 0 0.00698132 0.00265273 -1.75072e-16 0
40 2.77191e-08 -2.18198e-21 0 0.00698132 0.00265694 -2.09148e-16 0 (dft)
40 2.76751e-08 -8.90014e-22 0 0.00698132 0.00265273 -8.531e-17 0
40 2.77191e-08 -2.00486e-21 0 0.00698132 0.00265694 -1.9217e-16 0 (dft)
40 2.76751e-08 -7.57237e-22 0 0.00698132 0.00265273 -7.2583e-17 0
40 2.77191e-08 -1.82629e-21 0 0.00698132 0.00265694 -1.75054e-16 0 (dft)
45 3.26364e-08 2.59009e-13 0 0.00698132 0.00312828 2.48266e-08 0
45 3.27076e-08 2.59414e-13 0 0.00698132 0.00313511 2.48655e-08 0 (dft)
45 3.2644e-08 2.44285e-18 0 0.00698132 0.003129 2.34154e-13 0
45 3.27152e-08 2.44575e-18 0 0.00698132 0.00313583 2.34432e-13 0 (dft)
45 3.2644e-08 1.19324e-20 0 0.00698132 0.003129 1.14375e-15 0
45 3.27152e-08 1.09975e-20 0 0.00698132 0.00313583 1.05414e-15 0 (dft)
45 3.2644e-08 8.40186e-21 0 0.00698132 0.003129 8.05339e-16 0
45 3.27152e-08 7.46917e-21 0 0.00698132 0.00313583 7.15938e-16 0 (dft)
45 3.2644e-08 1.04579e-20 0 0.00698132 0.003129 1.00242e-15 0
45 3.27152e-08 9.55559e-21 0 0.00698132 0.00313583 9.15926e-16 0 (dft)
50 3.08696e-08 7.38353e-14 0 0.00698132 0.00295892 7.07729e-09 0
50 3.0915e-08 7.39874e-14 0 0.00698132 0.00296327 7.09188e-09 0 (dft)
50 3.089e-08 -2.63504e-17 0 0.00698132 0.00296088 -2.52575e-12 0
50 3.09354e-08 -2.63824e-17 0 0.00698132 0.00296523 -2.52882e-12 0 (dft)
50 3.089e-08 -8.31661e-21 0 0.00698132 0.00296088 -7.97167e-16 0
50 3.09354e-08 -7.13857e-21 0 0.00698132 0.00296523 -6.84249e-16 0 (dft)
50 3.089e-08 -5.99964e-21 0 0.00698132 0.00296088 -5.7508e-16 0
50 3.09354e-08 -5.10279e-21 0 0.00698132 0.00296523 -4.89115e-16 0 (dft)
50 3.089e-08 -6.27556e-21 0 0.00698132 0.00296088 -6.01528e-16 0
50 3.09354e-08 -5.08686e-21 0 0.00698132 0.00296523 -4.87588e-16 0 (dft)
55 2.12491e-08 -1.96158e-13 0 0.00698132 0.00203678 -1.88022e-08 0
55 2.11581e-08 -1.96419e-13 0 0.00698132 0.00202806 -1.88272e-08 0 (dft)
55 2.12955e-08 1.56413e-16 0 0.00698132 0.00204123 1.49926e-11 0
55 2.12046e-08 1.5659e-16 0 0.00698132 0.00203251 1.50095e-11 0 (dft)
55 2.12955e-08 2.74659e-20 0 0.00698132 0.00204123 2.63267e-15 0
55 2.12046e-08 2.68306e-20 0 0.00698132 0.00203251 2.57178e-15 0 (dft)
55 2.12955e-08 1.03831e-20 0 0.00698132 0.00204123 9.95241e-16 0
55 2.12046e-08 1.00305e-20 0 0.00698132 0.00203251 9.61451e-16 0 (dft)
55 2.12955e-08 1.17168e-20 0 0.00698132 0.00204123 1.12308e-15 0
55 2.12046e-08 1.13626e-20 0 0.00698132 0.00203251 1.08913e-15 0 (dft)
60 2.35509e-08 -5.37638e-12 0 0.00698132 0.00225741 -5.15339e-07 0
60 2.35633e-08 -5.37894e-12 0 0.00698132 0.0022586 -5.15585e-07 0 (dft)
60 2.36735e-08 -7.00787e-16 0 0.00698132 0.00226916 -6.71721e-11 0
60 2.36859e-08 -7.01103e-16 0 0.00698132 0.00227035 -6.72024e-11 0 (dft)
60 2.36735e-08 1.09448e-19 0 0.00698132 0.00226916 1.04908e-14 0
60 2.36859e-08 1.03481e-19 0 0.00698132 0.00227035 9.91889e-15 0 (dft)
60 2.36735e-08 2.2125e-19 0 0.00698132 0.00226916 2.12073e-14 0
60 2.36859e-08 2.15295e-19 0 0.00698132 0.00227035 2.06365e-14 0 (dft)
60 2.36735e-08 2.21006e-19 0 0.00698132 0.00226916 2.1184e-14 0
60 2.36859e-08 2.15098e-19 0 0.00698132 0.00227035 2.06177e-14 0 (dft)
65 2.34179e-08 -1.28941e-11 0 0.00698132 0.00224466 -1.23593e-06 0
65 2.34302e-08 -1.29004e-11 0 0.00698132 0.00224584 -1.23653e-06 0 (dft)
65 2.36734e-08 -3.10933e-15 0 0.00698132 0.00226916 -2.98037e-10 0
65 2.36858e-08 -3.11072e-15 0 0.00698132 0.00227035 -2.9817e-10 0 (dft)
65 2.36735e-08 -7.78926e-19 0 0.00698132 0.00226916 -7.4662e-14 0
65 2.36859e-08 -7.85268e-19 0 0.00698132 0.00227035 -7.52698e-14 0 (dft)
65 2.36735e-08 2.1976e-19 0 0.00698132 0.00226916 2.10646e-14 0
65 2.36859e-08 2.1378e-19 0 0.00698132 0.00227035 2.04913e-14 0 (dft)
65 2.36735e-08 2.21169e-19 0 0.00698132 0.00226916 2.11996e-14 0
65 2.36859e-08 2.15209e-19 0 0.00698132 0.00227035 2.06283e-14 0 (dft)
70 2.84794e-08 -8.76752e-11 0 0.00698132 0.00272982 -8.40388e-06 0
70 2.84781e-08 -8.76865e-11 0 0.00698132 0.00272969 -8.40496e-06 0 (dft)
70 2.91997e-08 -1.32651e-14 0 0.00698132 0.00279886 -1.27149e-09 0
70 2.91984e-08 -1.32668e-14 0 0.00698132 0.00279874 -1.27166e-09 0 (dft)
70 2.92e-08 -1.76444e-18 0 0.00698132 0.00279889 -1.69126e-13 0
70 2.91988e-08 -1.76352e-18 0 0.00698132 0.00279877 -1.69038e-13 0 (dft)
70 2.92e-08 -4.63965e-20 0 0.00698132 0.00279889 -4.44722e-15 0
70 2.91988e-08 -4.53541e-20 0 0.00698132 0.00279877 -4.3473e-15 0 (dft)
70 2.92e-08 -4.63219e-20 0 0.00698132 0.00279889 -4.44007e-15 0
70 2.91988e-08 -4.52578e-20 0 0.00698132 0.00279877 -4.33807e-15 0 (dft)
75 2.80164e-08 -1.72338e-10 0 0.00698132 0.00268544 -1.6519e-05 0
75 2.80151e-08 -1.7236e-10 0 0.00698132 0.00268531 -1.65211e-05 0 (dft)
75 2.91991e-08 -4.61991e-14 0 0.00698132 0.0027988 -4.42829e-09 0
75 2.91978e-08 -4.6205e-14 0 0.00698132 0.00279868 -4.42887e-09 0 (dft)
75 2.92e-08 -1.11785e-17 0 0.00698132 0.00279889 -1.07148e-12 0
75 2.91988e-08 -1.11765e-17 0 0.00698132 0.00279877 -1.07129e-12 0 (dft)
75 2.92e-08 4.70368e-19 0 0.00698132 0.00279889 4.5086e-14 0
75 2.91988e-08 4.7389e-19 0 0.00698132 0.00279877 4.54236e-14 0 (dft)
75 2.92e-08 4.71304e-19 0 0.00698132 0.00279889 4.51756e-14 0
75 2.91988e-08 4.74718e-19 0 0.00698132 0.00279877 4.55029e-14 0 (dft)
80 2.00553e-08 1.48182e-10 0 0.00698132 0.00192235 1.42036e-05 0
80 2.00334e-08 1.48211e-10 0 0.00698132 0.00192025 1.42064e-05 0 (dft)
80 2.12055e-08 1.27251e-14 0 0.00698132 0.0020326 1.21973e-09 0
80 2.11835e-08 1.27276e-14 0 0.00698132 0.00203049 1.21997e-09 0 (dft)
80 2.1207e-08 -1.49742e-16 0 0.00698132 0.00203274 -1.43531e-11 0
80 2.1185e-08 -1.49773e-16 0 0.00698132 0.00203064 -1.43561e-11 0 (dft)
80 2.1207e-08 -6.4395e-20 0 0.00698132 0.00203274 -6.17242e-15 0
80 2.1185e-08 -6.48594e-20 0 0.00698132 0.00203064 -6.21693e-15 0 (dft)
80 2.1207e-08 2.43908e-19 0 0.00698132 0.00203274 2.33792e-14 0
80 2.1185e-08 2.43855e-19 0 0.00698132 0.00203064 2.33741e-14 0 (dft)
85 2.14956e-08 -1.35023e-10 0 0.00698132 0.00206041 -1.29423e-05 0
85 2.14801e-08 -1.3507e-10 0 0.00698132 0.00205892 -1.29468e-05 0 (dft)
85 2.29914e-08 -1.5333e-13 0 0.00698132 0.00220378 -1.46971e-08 0
85 2.29757e-08 -1.53383e-13 0 0.00698132 0.00220228 -1.47022e-08 0 (dft)
85 2.29948e-08 -3.15774e-16 0 0.00698132 0.0022041 -3.02677e-11 0
85 2.29791e-08 -3.15881e-16 0 0.00698132 0.0022026 -3.02779e-11 0 (dft)
85 2.29948e-08 -6.43421e-19 0 0.00698132 0.0022041 -6.16735e-14 0
85 2.29791e-08 -6.32225e-19 0 0.00698132 0.0022026 -6.06003e-14 0 (dft)
85 2.29948e-08 2.62297e-20 0 0.00698132 0.0022041 2.51418e-15 0
85 2.29791e-08 2.56204e-20 0 0.00698132 0.0022026 2.45578e-15 0 (dft)
90 2.11176e-08 2.25468e-10 0 0.00698132 0.00202417 2.16116e-05 0
90 2.11416e-08 2.25601e-10 0 0.00698132 0.00202647 2.16244e-05 0 (dft)
90 2.3131e-08 2.27139e-13 0 0.00698132 0.00221716 2.17718e-08 0
90 2.31571e-08 2.27276e-13 0 0.00698132 0.00221966 2.17849e-08 0 (dft)
90 2.31388e-08 1.49898e-15 0 0.00698132 0.00221791 1.43681e-10 0
90 2.31649e-08 1.49988e-15 0 0.00698132 0.00222042 1.43768e-10 0 (dft)
90 2.31388e-08 6.24841e-18 0 0.00698132 0.00221791 5.98925e-13 0
90 2.3165e-08 6.25173e-18 0 0.00698132 0.00222042 5.99244e-13 0 (dft)
90 2.31388e-08 3.4552e-20 0 0.00698132 0.00221791 3.31189e-15 0
90 2.3165e-08 3.41781e-20 0 0.00698132 0.00222042 3.27605e-15 0 (dft)
95 2.05512e-08 3.66443e-10 0 0.00698132 0.00196988 3.51245e-05 0
95 2.05742e-08 3.66658e-10 0 0.00698132 0.00197209 3.51451e-05 0 (dft)
95 2.31236e-08 4.11231e-13 0 0.00698132 0.00221646 3.94175e-08 0
95 2.31498e-08 4.11478e-13 0 0.00698132 0.00221896 3.94412e-08 0 (dft)
95 2.31388e-08 3.62639e-15 0 0.00698132 0.00221791 3.47598e-10 0
95 2.31649e-08 3.62858e-15 0 0.00698132 0.00222041 3.47808e-10 0 (dft)
95 2.31388e-08 2.18142e-17 0 0.00698132 0.00221791 2.09094e-12 0
95 2.3165e-08 2.18269e-17 0 0.00698132 0.00222042 2.09217e-12 0 (dft)
95 2.31388e-08 1.13939e-19 0 0.00698132 0.00221791 1.09214e-14 0
95 2.3165e-08 1.13569e-19 0 0.00698132 0.00222042 1.08858e-14 0 (dft)
100 2.31392e-08 -3.17772e-10 0 0.00698132 0.00221795 -3.04592e-05 0
100 2.31295e-08 -3.17938e-10 0 0.00698132 0.00221701 -3.04751e-05 0 (dft)
100 2.62051e-08 -9.60866e-13 0 0.00698132 0.00251182 -9.21013e-08 0
100 2.61939e-08 -9.61395e-13 0 0.00698132 0.00251075 -9.2152e-08 0 (dft)
100 2.62296e-08 -7.29344e-15 0 0.00698132 0.00251417 -6.99094e-10 0
100 2.62185e-08 -7.29758e-15 0 0.00698132 0.0025131 -6.9949e-10 0 (dft)
100 2.62297e-08 -4.99103e-17 0 0.00698132 0.00251418 -4.78402e-12 0
100 2.62186e-08 -4.99383e-17 0 0.00698132 0.00251311 -4.78671e-12 0 (dft)
100 2.62297e-08 -2.74066e-19 0 0.00698132 0.00251418 -2.62699e-14 0
100 2.62186e-08 -2.7367e-19 0 0.00698132 0.00251311 -2.6232e-14 0 (dft)
105 2.25276e-08 -4.42587e-10 0 0.00698132 0.00215933 -4.24231e-05 0
105 2.25184e-08 -4.42818e-10 0 0.00698132 0.00215845 -4.24451e-05 0 (dft)
105 2.61877e-08 -1.61783e-12 0 0.00698132 0.00251016 -1.55073e-07 0
105 2.61765e-08 -1.61871e-12 0 0.00698132 0.00250908 -1.55158e-07 0 (dft)
105 2.62295e-08 -1.51474e-14 0 0.00698132 0.00251416 -1.45191e-09 0
105 2.62183e-08 -1.5156e-14 0 0.00698132 0.00251309 -1.45274e-09 0 (dft)
105 2.62297e-08 -1.36766e-16 0 0.00698132 0.00251418 -1.31094e-11 0
105 2.62186e-08 -1.36844e-16 0 0.00698132 0.00251311 -1.31168e-11 0 (dft)
105 2.62297e-08 -1.01726e-18 0 0.00698132 0.00251418 -9.75066e-14 0
105 2.62186e-08 -1.01733e-18 0 0.00698132 0.00251311 -9.75135e-14 0 (dft)
110 2.19431e-08 -5.97643e-10 0 0.00698132 0.0021033 -5.72855e-05 0
110 2.19346e-08 -5.97952e-10 0 0.00698132 0.00210248 -5.73152e-05 0 (dft)
110 2.6162e-08 -2.61421e-12 0 0.00698132 0.00250769 -2.50578e-07 0
110 2.61508e-08 -2.61563e-12 0 0.00698132 0.00250662 -2.50714e-07 0 (dft)
110 2.62293e-08 -2.91386e-14 0 0.00698132 0.00251414 -2.79301e-09 0
110 2.62181e-08 -2.91551e-14 0 0.00698132 0.00251307 -2.79458e-09 0 (dft)
110 2.62297e-08 -3.36987e-16 0 0.00698132 0.00251418 -3.23011e-11 0
110 2.62186e-08 -3.37179e-16 0 0.00698132 0.00251311 -3.23194e-11 0 (dft)
110 2.62297e-08 -3.25715e-18 0 0.00698132 0.00251418 -3.12206e-13 0
110 2.62186e-08 -3.25858e-18 0 0.00698132 0.00251311 -3.12343e-13 0 (dft)
115 2.14222e-08 -7.86795e-10 0 0.00698132 0.00205337 -7.54162e-05 0
115 2.14143e-08 -7.87203e-10 0 0.00698132 0.00205262 -7.54553e-05 0 (dft)
115 2.61259e-08 -4.08972e-12 0 0.00698132 0.00250423 -3.92009e-07 0
115 2.61147e-08 -4.09193e-12 0 0.00698132 0.00250316 -3.92221e-07 0 (dft)
115 2.62288e-08 -5.27091e-14 0 0.00698132 0.00251409 -5.05229e-09 0
115 2.62176e-08 -5.27388e-14 0 0.00698132 0.00251302 -5.05514e-09 0 (dft)
115 2.62297e-08 -7.6016e-16 0 0.00698132 0.00251418 -7.28631e-11 0
115 2.62185e-08 -7.60592e-16 0 0.00698132 0.00251311 -7.29046e-11 0 (dft)
115 2.62297e-08 -9.29658e-18 0 0.00698132 0.00251418 -8.91099e-13 0
115 2.62186e-08 -9.30143e-18 0 0.00698132 0.00251311 -8.91565e-13 0 (dft)
120 2.09992e-08 -1.01393e-09 0 0.00698132 0.00201283 -9.71874e-05 0
120 2.09921e-08 -1.01446e-09 0 0.00698132 0.00201215 -9.72383e-05 0 (dft)
120 2.6077e-08 -6.23097e-12 0 0.00698132 0.00249954 -5.97253e-07 0
120 2.60659e-08 -6.23432e-12 0 0.00698132 0.00249848 -5.97575e-07 0 (dft)
120 2.6228e-08 -9.08074e-14 0 0.00698132 0.00251402 -8.70411e-09 0
120 2.62168e-08 -9.08584e-14 0 0.00698132 0.00251295 -8.709e-09 0 (dft)
120 2.62297e-08 -1.59428e-15 0 0.00698132 0.00251418 -1.52815e-10 0
120 2.62185e-08 -1.59518e-15 0 0.00698132 0.00251311 -1.52902e-10 0 (dft)
120 2.62297e-08 -2.4159e-17 0 0.00698132 0.00251418 -2.3157e-12 0
120 2.62186e-08 -2.41723e-17 0 0.00698132 0.00251311 -2.31698e-12 0 (dft)
125 2.07063e-08 -1.28227e-09 0 0.00698132 0.00198475 -0.000122908 0
125 2.07001e-08 -1.28294e-09 0 0.00698132 0.00198415 -0.000122972 0 (dft)
125 2.6013e-08 -9.26871e-12 0 0.00698132 0.00249341 -8.88428e-07 0
125 2.60019e-08 -9.27367e-12 0 0.00698132 0.00249235 -8.88904e-07 0 (dft)
125 2.62267e-08 -1.50257e-13 0 0.00698132 0.00251389 -1.44025e-08 0
125 2.62155e-08 -1.50341e-13 0 0.00698132 0.00251282 -1.44106e-08 0 (dft)
125 2.62297e-08 -3.14326e-15 0 0.00698132 0.00251418 -3.01289e-10 0
125 2.62185e-08 -3.14504e-15 0 0.00698132 0.00251311 -3.0146e-10 0 (dft)
125 2.62297e-08 -5.79438e-17 0 0.00698132 0.00251418 -5.55406e-12 0
125 2.62186e-08 -5.79764e-17 0 0.00698132 0.00251311 -5.55718e-12 0 (dft)
130 2.05706e-08 -1.59395e-09 0 0.00698132 0.00197175 -0.000152784 0
130 2.05654e-08 -1.59478e-09 0 0.00698132 0.00197124 -0.000152863 0 (dft)
130 2.59316e-08 -1.34778e-11 0 0.00698132 0.00248561 -1.29188e-06 0
130 2.59205e-08 -1.3485e-11 0 0.00698132 0.00248454 -1.29257e-06 0 (dft)
130 2.62246e-08 -2.40093e-13 0 0.00698132 0.00251369 -2.30135e-08 0
130 2.62134e-08 -2.40227e-13 0 0.00698132 0.00251262 -2.30263e-08 0 (dft)
130 2.62297e-08 -5.86931e-15 0 0.00698132 0.00251418 -5.62588e-10 0
130 2.62185e-08 -5.87265e-15 0 0.00698132 0.00251311 -5.62907e-10 0 (dft)
130 2.62297e-08 -1.29496e-16 0 0.00698132 0.00251418 -1.24125e-11 0
130 2.62186e-08 -1.29569e-16 0 0.00698132 0.00251311 -1.24195e-11 0 (dft)
135 2.22861e-08 -1.9015e-09 0 0.00698132 0.00213618 -0.000182263 0
135 2.23046e-08 -1.90246e-09 0 0.00698132 0.00213795 -0.000182356 0 (dft)
135 2.3094e-08 -1.54117e-11 0 0.00698132 0.00221361 -1.47725e-06 0
135 2.31215e-08 -1.54192e-11 0 0.00698132 0.00221625 -1.47797e-06 0 (dft)
135 2.33964e-08 -2.21783e-13 0 0.00698132 0.0022426 -2.12584e-08 0
135 2.34241e-08 -2.21894e-13 0 0.00698132 0.00224526 -2.12691e-08 0 (dft)
135 2.3403e-08 -4.64116e-15 0 0.00698132 0.00224323 -4.44866e-10 0
135 2.34307e-08 -4.64353e-15 0 0.00698132 0.00224589 -4.45094e-10 0 (dft)
135 2.34031e-08 -1.03053e-16 0 0.00698132 0.00224325 -9.87785e-12 0
135 2.34309e-08 -1.03106e-16 0 0.00698132 0.0022459 -9.88301e-12 0 (dft)
140 1.71755e-08 -1.32177e-08 0 0.00698132 0.00164631 -0.00126695 0
140 1.71561e-08 -1.32212e-08 0 0.00698132 0.00164445 -0.00126728 0 (dft)
140 2.23222e-08 -1.61918e-10 0 0.00698132 0.00213964 -1.55203e-05 0
140 2.2299e-08 -1.61964e-10 0 0.00698132 0.00213741 -1.55246e-05 0 (dft)
140 2.28554e-08 -2.47713e-12 0 0.00698132 0.00219075 -2.37439e-07 0
140 2.28321e-08 -2.47784e-12 0 0.00698132 0.00218851 -2.37507e-07 0 (dft)
140 2.28686e-08 -4.77908e-14 0 0.00698132 0.00219201 -4.58086e-09 0
140 2.28453e-08 -4.78047e-14 0 0.00698132 0.00218978 -4.5822e-09 0 (dft)
140 2.28688e-08 -1.05571e-15 0 0.00698132 0.00219203 -1.01193e-10 0
140 2.28455e-08 -1.05603e-15 0 0.00698132 0.0021898 -1.01223e-10 0 (dft)
145 1.76383e-08 -1.57035e-08 0 0.00698132 0.00169067 -0.00150521 0
145 1.76194e-08 -1.57076e-08 0 0.00698132 0.00168887 -0.00150561 0 (dft)
145 2.21706e-08 -2.21657e-10 0 0.00698132 0.00212511 -2.12464e-05 0
145 2.21474e-08 -2.21719e-10 0 0.00698132 0.00212288 -2.12523e-05 0 (dft)
145 2.28486e-08 -3.84106e-12 0 0.00698132 0.00219009 -3.68175e-07 0
145 2.28253e-08 -3.84216e-12 0 0.00698132 0.00218786 -3.6828e-07 0 (dft)
145 2.28684e-08 -8.29984e-14 0 0.00698132 0.00219199 -7.9556e-09 0
145 2.28451e-08 -8.30226e-14 0 0.00698132 0.00218976 -7.95792e-09 0 (dft)
145 2.28688e-08 -2.06806e-15 0 0.00698132 0.00219203 -1.98228e-10 0
145 2.28455e-08 -2.06867e-15 0 0.00698132 0.0021898 -1.98287e-10 0 (dft)
150 1.83325e-08 -1.84392e-08 0 0.00698132 0.00175721 -0.00176745 0
150 1.83142e-08 -1.84441e-08 0 0.00698132 0.00175546 -0.00176791 0 (dft)
150 2.1995e-08 -2.97277e-10 0 0.00698132 0.00210827 -2.84947e-05 0
150 2.19717e-08 -2.97359e-10 0 0.00698132 0.00210605 -2.85026e-05 0 (dft)
150 2.28392e-08 -5.79555e-12 0 0.00698132 0.0021892 -5.55518e-07 0
150 2.28159e-08 -5.7972e-12 0 0.00698132 0.00218696 -5.55676e-07 0 (dft)
150 2.28681e-08 -1.39224e-13 0 0.00698132 0.00219196 -1.33449e-08 0
150 2.28448e-08 -1.39264e-13 0 0.00698132 0.00218973 -1.33488e-08 0 (dft)
150 2.28688e-08 -3.87522e-15 0 0.00698132 0.00219203 -3.7145e-10 0
150 2.28455e-08 -3.87637e-15 0 0.00698132 0.0021898 -3.71559e-10 0 (dft)
155 1.92615e-08 -2.14315e-08 0 0.00698132 0.00184626 -0.00205426 0
155 1.92438e-08 -2.14372e-08 0 0.00698132 0.00184456 -0.00205481 0 (dft)
155 2.17955e-08 -3.91458e-10 0 0.00698132 0.00208915 -3.75222e-05 0
155 2.17723e-08 -3.91567e-10 0 0.00698132 0.00208693 -3.75326e-05 0 (dft)
155 2.28267e-08 -8.53164e-12 0 0.00698132 0.00218799 -8.17779e-07 0
155 2.28034e-08 -8.53407e-12 0 0.00698132 0.00218576 -8.18011e-07 0 (dft)
155 2.28676e-08 -2.26353e-13 0 0.00698132 0.00219191 -2.16965e-08 0
155 2.28443e-08 -2.26418e-13 0 0.00698132 0.00218968 -2.17027e-08 0 (dft)
155 2.28688e-08 -6.97757e-15 0 0.00698132 0.00219203 -6.68817e-10 0
155 2.28455e-08 -6.97962e-15 0 0.00698132 0.0021898 -6.69014e-10 0 (dft)
160 1.40899e-08 2.45166e-08 0 0.00698132 0.00135055 0.00234997 0
160 1.40905e-08 2.45189e-08 0 0.00698132 0.0013506 0.00235019 0 (dft)
160 2.34142e-08 4.12688e-10 0 0.00698132 0.00224431 3.95572e-05 0
160 2.34127e-08 4.12728e-10 0 0.00698132 0.00224417 3.9561e-05 0 (dft)
160 2.51881e-08 7.54021e-12 0 0.00698132 0.00241434 7.22748e-07 0
160 2.51866e-08 7.54094e-12 0 0.00698132 0.00241419 7.22818e-07 0 (dft)
160 2.52639e-08 8.9896e-14 0 0.00698132 0.00242161 8.61675e-09 0
160 2.52624e-08 8.99048e-14 0 0.00698132 0.00242147 8.61759e-09 0 (dft)
160 2.52664e-08 -1.84176e-15 0 0.00698132 0.00242185 -1.76537e-10 0
160 2.52649e-08 -1.84193e-15 0 0.00698132 0.00242171 -1.76553e-10 0 (dft)
165 1.49326e-08 2.8328e-08 0 0.00698132 0.00143132 0.00271531 0
165 1.49333e-08 2.83307e-08 0 0.00698132 0.00143139 0.00271557 0 (dft)
165 2.30461e-08 5.31938e-10 0 0.00698132 0.00220902 5.09875e-05 0
165 2.30446e-08 5.31989e-10 0 0.00698132 0.00220889 5.09924e-05 0 (dft)
165 2.51596e-08 1.10748e-11 0 0.00698132 0.0024116 1.06154e-06 0
165 2.5158e-08 1.10758e-11 0 0.00698132 0.00241146 1.06165e-06 0 (dft)
165 2.52626e-08 1.66401e-13 0 0.00698132 0.00242148 1.59499e-08 0
165 2.5261e-08 1.66417e-13 0 0.00698132 0.00242133 1.59515e-08 0 (dft)
165 2.52664e-08 -1.9236e-15 0 0.00698132 0.00242185 -1.84382e-10 0
165 2.52649e-08 -1.92378e-15 0 0.00698132 0.0024217 -1.84399e-10 0 (dft)
170 1.6045e-08 3.24921e-08 0 0.00698132 0.00153795 0.00311444 0
170 1.60459e-08 3.24952e-08 0 0.00698132 0.00153804 0.00311474 0 (dft)
170 2.26415e-08 6.75741e-10 0 0.00698132 0.00217024 6.47714e-05 0
170 2.26401e-08 6.75806e-10 0 0.00698132 0.0021701 6.47776e-05 0 (dft)
170 2.51236e-08 1.58675e-11 0 0.00698132 0.00240815 1.52094e-06 0
170 2.5122e-08 1.5869e-11 0 0.00698132 0.00240801 1.52108e-06 0 (dft)
170 2.52606e-08 2.89279e-13 0 0.00698132 0.00242129 2.77281e-08 0
170 2.52591e-08 2.89307e-13 0 0.00698132 0.00242114 2.77308e-08 0 (dft)
170 2.52663e-08 -1.27273e-15 0 0.00698132 0.00242184 -1.21994e-10 0
170 2.52648e-08 -1.27284e-15 0 0.00698132 0.00242169 -1.22005e-10 0 (dft)
175 6.36812e-08 5.26833e-08 0 0.00698132 0.006104 0.00504983 0
175 6.36823e-08 5.26846e-08 0 0.00698132 0.00610411 0.00504994 0 (dft)
175 2.2651e-08 1.10935e-09 0 0.00698132 0.00217116 0.000106334 0
175 2.26522e-08 1.10938e-09 0 0.00698132 0.00217127 0.000106337 0 (dft)
175 2.3651e-08 3.15242e-11 0 0.00698132 0.00226701 3.02167e-06 0
175 2.36523e-08 3.1525e-11 0 0.00698132 0.00226713 3.02175e-06 0 (dft)
175 2.37594e-08 1.10057e-12 0 0.00698132 0.0022774 1.05492e-07 0
175 2.37607e-08 1.1006e-12 0 0.00698132 0.00227752 1.05495e-07 0 (dft)
175 2.37651e-08 4.56078e-14 0 0.00698132 0.00227794 4.37162e-09 0
175 2.37664e-08 4.5609e-14 0 0.00698132 0.00227806 4.37173e-09 0 (dft)
180 -2.02916e-08 1.26196e-08 0 0.00698132 -0.001945 0.00120962 0
180 -2.02925e-08 1.26212e-08 0 0.00698132 -0.00194508 0.00120977 0 (dft)
180 2.24811e-08 3.61988e-10 0 0.00698132 0.00215487 3.46974e-05 0
180 2.2482e-08 3.62033e-10 0 0.00698132 0.00215496 3.47018e-05 0 (dft)
180 2.49665e-08 1.325e-11 0 0.00698132 0.0023931 1.27004e-06 0
180 2.49675e-08 1.32516e-11 0 0.00698132 0.0023932 1.2702e-06 0 (dft)
180 2.51055e-08 6.22296e-13 0 0.00698132 0.00240642 5.96486e-08 0
180 2.51065e-08 6.22374e-13 0 0.00698132 0.00240652 5.9656e-08 0 (dft)
180 2.51124e-08 3.5131e-14 0 0.00698132 0.00240708 3.36739e-09 0
180 2.51134e-08 3.51354e-14 0 0.00698132 0.00240718 3.36782e-09 0 (dft)
185 -2.44837e-08 1.41242e-08 0 0.00698132 -0.00234682 0.00135384 0
185 -2.44847e-08 1.41259e-08 0 0.00698132 -0.00234692 0.001354 0 (dft)
185 2.20259e-08 4.3996e-10 0 0.00698132 0.00211123 4.21712e-05 0
185 2.20267e-08 4.40015e-10 0 0.00698132 0.00211132 4.21765e-05 0 (dft)
185 2.49257e-08 1.73461e-11 0 0.00698132 0.00238919 1.66266e-06 0
185 2.49267e-08 1.73483e-11 0 0.00698132 0.00238929 1.66287e-06 0 (dft)
185 2.51026e-08 8.6505e-13 0 0.00698132 0.00240615 8.29171e-08 0
185 2.51037e-08 8.65158e-13 0 0.00698132 0.00240625 8.29275e-08 0 (dft)
185 2.51122e-08 5.20473e-14 0 0.00698132 0.00240706 4.98886e-09 0
185 2.51132e-08 5.20539e-14 0 0.00698132 0.00240716 4.98949e-09 0 (dft)
190 7.58567e-09 7.87583e-09 0 0.00698132 0.000727105 0.000754918 0
190 7.58323e-09 7.87856e-09 0 0.00698132 0.000726871 0.00075518 0 (dft)
190 2.13802e-08 2.84074e-10 0 0.00698132 0.00204934 2.72291e-05 0
190 2.13806e-08 2.84155e-10 0 0.00698132 0.00204938 2.72369e-05 0 (dft)
190 2.453e-08 5.58752e-12 0 0.00698132 0.00235126 5.35578e-07 0
190 2.45307e-08 5.58918e-12 0 0.00698132 0.00235133 5.35736e-07 0 (dft)
190 2.47916e-08 -2.95566e-13 0 0.00698132 0.00237633 -2.83307e-08 0
190 2.47924e-08 -2.95648e-13 0 0.00698132 0.00237641 -2.83386e-08 0 (dft)
190 2.48081e-08 -5.59913e-14 0 0.00698132 0.00237792 -5.3669e-09 0
190 2.48089e-08 -5.60076e-14 0 0.00698132 0.00237799 -5.36846e-09 0 (dft)
195 7.759e-09 8.52302e-09 0 0.00698132 0.000743719 0.000816952 0
195 7.75642e-09 8.52603e-09 0 0.00698132 0.000743472 0.00081724 0 (dft)
195 2.09415e-08 3.43925e-10 0 0.00698132 0.0020073 3.2966e-05 0
195 2.09419e-08 3.44023e-10 0 0.00698132 0.00200733 3.29755e-05 0 (dft)
195 2.44647e-08 8.04177e-12 0 0.00698132 0.002345 7.70823e-07 0
195 2.44655e-08 8.04414e-12 0 0.00698132 0.00234508 7.7105e-07 0 (dft)
195 2.47855e-08 -3.09148e-13 0 0.00698132 0.00237575 -2.96326e-08 0
195 2.47863e-08 -3.09233e-13 0 0.00698132 0.00237583 -2.96408e-08 0 (dft)
195 2.48076e-08 -7.39113e-14 0 0.00698132 0.00237787 -7.08458e-09 0
195 2.48084e-08 -7.39328e-14 0 0.00698132 0.00237795 -7.08664e-09 0 (dft)
200 8.10192e-09 9.16775e-09 0 0.00698132 0.000776589 0.000878751 0
200 8.09921e-09 9.17104e-09 0 0.00698132 0.000776329 0.000879066 0 (dft)
200 2.04809e-08 4.12092e-10 0 0.00698132 0.00196314 3.95e-05 0
200 2.04811e-08 4.1221e-10 0 0.00698132 0.00196317 3.95113e-05 0 (dft)
200 2.43893e-08 1.11987e-11 0 0.00698132 0.00233778 1.07343e-06 0
200 2.43901e-08 1.1202e-11 0 0.00698132 0.00233785 1.07374e-06 0 (dft)
200 2.47779e-08 -2.98162e-13 0 0.00698132 0.00237502 -2.85796e-08 0
200 2.47787e-08 -2.98243e-13 0 0.00698132 0.0023751 -2.85873e-08 0 (dft)
200 2.4807e-08 -9.5317e-14 0 0.00698132 0.00237781 -9.13637e-09 0
200 2.48078e-08 -9.53446e-14 0 0.00698132 0.00237789 -9.13901e-09 0 (dft)
205 8.62199e-09 9.79886e-09 0 0.00698132 0.000826439 0.000939245 0
205 8.61915e-09 9.80243e-09 0 0.00698132 0.000826167 0.000939587 0 (dft)
205 2.00002e-08 4.8893e-10 0 0.00698132 0.00191707 4.68652e-05 0
205 2.00004e-08 4.8907e-10 0 0.00698132 0.00191708 4.68786e-05 0 (dft)
205 2.43031e-08 1.51778e-11 0 0.00698132 0.00232951 1.45482e-06 0
205 2.43039e-08 1.51822e-11 0 0.00698132 0.00232959 1.45525e-06 0 (dft)
205 2.47685e-08 -2.51182e-13 0 0.00698132 0.00237412 -2.40764e-08 0
205 2.47693e-08 -2.51247e-13 0 0.00698132 0.00237419 -2.40827e-08 0 (dft)
205 2.48062e-08 -1.20192e-13 0 0.00698132 0.00237773 -1.15207e-08 0
205 2.4807e-08 -1.20227e-13 0 0.00698132 0.00237781 -1.15241e-08 0 (dft)
210 9.3284e-09 1.04169e-08 0 0.00698132 0.000894149 0.000998485 0
210 9.32542e-09 1.04207e-08 0 0.00698132 0.000893864 0.000998854 0 (dft)
210 1.95018e-08 5.75041e-10 0 0.00698132 0.0018693 5.51191e-05 0
210 1.9502e-08 5.75205e-10 0 0.00698132 0.00186931 5.51348e-05 0 (dft)
210 2.42055e-08 2.01181e-11 0 0.00698132 0.00232015 1.92837e-06 0
210 2.42062e-08 2.0124e-11 0 0.00698132 0.00232023 1.92893e-06 0 (dft)
210 2.47568e-08 -1.53786e-13 0 0.00698132 0.002373 -1.47408e-08 0
210 2.47576e-08 -1.53821e-13 0 0.00698132 0.00237308 -1.47441e-08 0 (dft)
210 2.48051e-08 -1.48247e-13 0 0.00698132 0.00237763 -1.42098e-08 0
210 2.48059e-08 -1.4829e-13 0 0.00698132 0.00237771 -1.42139e-08 0 (dft)
215 2.02959e-08 6.35216e-09 0 0.00698132 0.00194541 0.00060887 0
215 2.02955e-08 6.35319e-09 0 0.00698132 0.00194537 0.000608969 0 (dft)
215 1.76849e-08 5.41513e-10 0 0.00698132 0.00169514 5.19054e-05 0
215 1.76925e-08 5.41675e-10 0 0.00698132 0.00169587 5.19208e-05 0 (dft)
215 2.32284e-08 3.82923e-11 0 0.00698132 0.0022265 3.67041e-06 0
215 2.32376e-08 3.83038e-11 0 0.00698132 0.00222738 3.67152e-06 0 (dft)
215 2.38925e-08 2.69297e-12 0 0.00698132 0.00229016 2.58128e-07 0
215 2.39019e-08 2.6938e-12 0 0.00698132 0.00229106 2.58207e-07 0 (dft)
215 2.39516e-08 2.01895e-13 0 0.00698132 0.00229582 1.93521e-08 0
215 2.3961e-08 2.01958e-13 0 0.00698132 0.00229672 1.93582e-08 0 (dft)
220 2.27745e-08 6.75059e-09 0 0.00698132 0.00218299 0.00064706 0
220 2.27738e-08 6.75165e-09 0 0.00698132 0.00218293 0.000647162 0 (dft)
220 1.71138e-08 6.12757e-10 0 0.00698132 0.0016404 5.87342e-05 0
220 1.71212e-08 6.1294e-10 0 0.00698132 0.00164111 5.87518e-05 0 (dft)
220 2.30995e-08 4.62453e-11 0 0.00698132 0.00221414 4.43272e-06 0
220 2.31087e-08 4.62592e-11 0 0.00698132 0.00221503 4.43406e-06 0 (dft)
220 2.38758e-08 3.44455e-12 0 0.00698132 0.00228856 3.30168e-07 0
220 2.38852e-08 3.44561e-12 0 0.00698132 0.00228946 3.3027e-07 0 (dft)
220 2.39498e-08 2.71854e-13 0 0.00698132 0.00229565 2.60578e-08 0
220 2.39592e-08 2.71939e-13 0 0.00698132 0.00229655 2.6066e-08 0 (dft)
225 3.71717e-08 -4.62424e-08 0 0.00698132 0.003563 -0.00443245 0
225 3.71719e-08 -4.62524e-08 0 0.00698132 0.00356302 -0.0044334 0 (dft)
225 2.06364e-08 -1.67798e-09 0 0.00698132 0.00197805 -0.000160839 0
225 2.06363e-08 -1.67843e-09 0 0.00698132 0.00197804 -0.000160882 0 (dft)
225 2.32529e-08 -8.93093e-11 0 0.00698132 0.00222885 -8.56051e-06 0
225 2.3253e-08 -8.93342e-11 0 0.00698132 0.00222886 -8.5629e-06 0 (dft)
225 2.38134e-08 -5.37629e-12 0 0.00698132 0.00228257 -5.1533e-07 0
225 2.38136e-08 -5.37781e-12 0 0.00698132 0.00228259 -5.15476e-07 0 (dft)
225 2.38796e-08 -3.27115e-13 0 0.00698132 0.00228892 -3.13548e-08 0
225 2.38798e-08 -3.27209e-13 0 0.00698132 0.00228893 -3.13638e-08 0 (dft)
230 3.92923e-08 -5.05382e-08 0 0.00698132 0.00376626 -0.00484421 0
230 3.92925e-08 -5.0549e-08 0 0.00698132 0.00376628 -0.00484524 0 (dft)
230 2.05008e-08 -1.93151e-09 0 0.00698132 0.00196505 -0.00018514 0
230 2.05008e-08 -1.93203e-09 0 0.00698132 0.00196505 -0.000185189 0 (dft)
230 2.31641e-08 -1.08335e-10 0 0.00698132 0.00222033 -1.03841e-05 0
230 2.31642e-08 -1.08365e-10 0 0.00698132 0.00222034 -1.0387e-05 0 (dft)
230 2.37972e-08 -6.90413e-12 0 0.00698132 0.00228102 -6.61777e-07 0
230 2.37973e-08 -6.90608e-12 0 0.00698132 0.00228103 -6.61964e-07 0 (dft)
230 2.38775e-08 -4.47787e-13 0 0.00698132 0.00228871 -4.29215e-08 0
230 2.38776e-08 -4.47915e-13 0 0.00698132 0.00228873 -4.29338e-08 0 (dft)
235 4.15586e-08 -5.5052e-08 0 0.00698132 0.0039835 -0.00527687 0
235 4.15588e-08 -5.50636e-08 0 0.00698132 0.00398351 -0.00527798 0 (dft)
235 2.03836e-08 -2.21135e-09 0 0.00698132 0.00195382 -0.000211963 0
235 2.03836e-08 -2.21194e-09 0 0.00698132 0.00195382 -0.00021202 0 (dft)
235 2.30691e-08 -1.30386e-10 0 0.00698132 0.00221123 -1.24978e-05 0
235 2.30692e-08 -1.30422e-10 0 0.00698132 0.00221124 -1.25013e-05 0 (dft)
235 2.37784e-08 -8.77187e-12 0 0.00698132 0.00227922 -8.40806e-07 0
235 2.37786e-08 -8.77435e-12 0 0.00698132 0.00227924 -8.41043e-07 0 (dft)
235 2.38749e-08 -6.04286e-13 0 0.00698132 0.00228846 -5.79223e-08 0
235 2.3875e-08 -6.04459e-13 0 0.00698132 0.00228848 -5.79389e-08 0 (dft)
240 4.39767e-08 -5.97824e-08 0 0.00698132 0.00421527 -0.00573029 0
240 4.39769e-08 -5.97949e-08 0 0.00698132 0.00421529 -0.00573149 0 (dft)
240 2.02869e-08 -2.51887e-09 0 0.00698132 0.00194455 -0.00024144 0
240 2.02868e-08 -2.51954e-09 0 0.00698132 0.00194454 -0.000241504 0 (dft)
240 2.29682e-08 -1.55776e-10 0 0.00698132 0.00220156 -1.49315e-05 0
240 2.29683e-08 -1.55819e-10 0 0.00698132 0.00220157 -1.49357e-05 0 (dft)
240 2.3757e-08 -1.10342e-11 0 0.00698132 0.00227716 -1.05766e-06 0
240 2.37571e-08 -1.10373e-11 0 0.00698132 0.00227718 -1.05795e-06 0 (dft)
240 2.38717e-08 -8.04763e-13 0 0.00698132 0.00228816 -7.71385e-08 0
240 2.38719e-08 -8.04992e-13 0 0.00698132 0.00228818 -7.71604e-08 0 (dft)
245 4.65528e-08 -6.47286e-08 0 0.00698132 0.0044622 -0.00620439 0
245 4.65531e-08 -6.4742e-08 0 0.00698132 0.00446223 -0.00620568 0 (dft)
245 2.02124e-08 -2.85558e-09 0 0.00698132 0.0019374 -0.000273715 0
245 2.02123e-08 -2.85633e-09 0 0.00698132 0.0019374 -0.000273787 0 (dft)
245 2.28619e-08 -1.84844e-10 0 0.00698132 0.00219137 -1.77178e-05 0
245 2.2862e-08 -1.84896e-10 0 0.00698132 0.00219138 -1.77227e-05 0 (dft)
245 2.37326e-08 -1.37523e-11 0 0.00698132 0.00227483 -1.31819e-06 0
245 2.37328e-08 -1.37561e-11 0 0.00698132 0.00227485 -1.31856e-06 0 (dft)
245 2.38678e-08 -1.05875e-12 0 0.00698132 0.00228779 -1.01484e-07 0
245 2.3868e-08 -1.05905e-12 0 0.00698132 0.00228781 -1.01513e-07 0 (dft)
250 4.92925e-08 -6.98933e-08 0 0.00698132 0.00472481 -0.00669944 0
250 4.92929e-08 -6.99077e-08 0 0.00698132 0.00472484 -0.00670082 0 (dft)
250 2.01616e-08 -3.22312e-09 0 0.00698132 0.00193254 -0.000308944 0
250 2.01616e-08 -3.22397e-09 0 0.00698132 0.00193254 -0.000309025 0 (dft)
250 2.27506e-08 -2.17949e-10 0 0.00698132 0.0021807 -2.08909e-05 0
250 2.27507e-08 -2.18009e-10 0 0.00698132 0.00218071 -2.08967e-05 0 (dft)
250 2.37052e-08 -1.6993e-11 0 0.00698132 0.0022722 -1.62882e-06 0
250 2.37054e-08 -1.69978e-11 0 0.00698132 0.00227222 -1.62928e-06 0 (dft)
250 2.38633e-08 -1.37724e-12 0 0.00698132 0.00228735 -1.32012e-07 0
250 2.38634e-08 -1.37763e-12 0 0.00698132 0.00228737 -1.3205e-07 0 (dft)
255 5.21986e-08 -7.52728e-08 0 0.00698132 0.00500336 -0.00721508 0
255 5.2199e-08 -7.52881e-08 0 0.00698132 0.0050034 -0.00721655 0 (dft)
255 2.0136e-08 -3.62272e-09 0 0.00698132 0.00193008 -0.000347247 0
255 2.01359e-08 -3.62367e-09 0 0.00698132 0.00193008 -0.000347338 0 (dft)
255 2.26348e-08 -2.55444e-10 0 0.00698132 0.0021696 -2.4485e-05 0
255 2.26349e-08 -2.55515e-10 0 0.00698132 0.00216961 -2.44917e-05 0 (dft)
255 2.36746e-08 -2.08279e-11 0 0.00698132 0.00226927 -1.9964e-06 0
255 2.36748e-08 -2.08337e-11 0 0.00698132 0.00226929 -1.99696e-06 0 (dft)
255 2.38578e-08 -1.77263e-12 0 0.00698132 0.00228683 -1.69911e-07 0
255 2.3858e-08 -1.77313e-12 0 0.00698132 0.00228685 -1.69959e-07 0 (dft)
260 2.10721e-08 3.86516e-08 0 0.00698132 0.00201981 0.00370485 0
260 2.10749e-08 3.86592e-08 0 0.00698132 0.00202008 0.00370558 0 (dft)
260 2.15243e-08 3.04228e-09 0 0.00698132 0.00206316 0.00029161 0
260 2.15281e-08 3.04297e-09 0 0.00698132 0.00206352 0.000291676 0 (dft)
260 2.28313e-08 2.63739e-10 0 0.00698132 0.00218844 2.52801e-05 0
260 2.28359e-08 2.63798e-10 0 0.00698132 0.00218887 2.52857e-05 0 (dft)
260 2.38095e-08 2.54343e-11 0 0.00698132 0.0022822 2.43794e-06 0
260 2.38143e-08 2.54398e-11 0 0.00698132 0.00228265 2.43847e-06 0 (dft)
260 2.39995e-08 2.73056e-12 0 0.00698132 0.00230041 2.61731e-07 0
260 2.40042e-08 2.73115e-12 0 0.00698132 0.00230087 2.61787e-07 0 (dft)
265 1.93795e-08 4.07597e-08 0 0.00698132 0.00185757 0.00390691 0
265 1.93821e-08 4.07676e-08 0 0.00698132 0.00185783 0.00390767 0 (dft)
265 2.16363e-08 3.36082e-09 0 0.00698132 0.00207389 0.000322143 0
265 2.164e-08 3.36159e-09 0 0.00698132 0.00207425 0.000322217 0 (dft)
265 2.27291e-08 3.03567e-10 0 0.00698132 0.00217864 2.90977e-05 0
265 2.27337e-08 3.03635e-10 0 0.00698132 0.00217908 2.91041e-05 0 (dft)
265 2.37759e-08 3.03874e-11 0 0.00698132 0.00227898 2.9127e-06 0
265 2.37806e-08 3.0394e-11 0 0.00698132 0.00227943 2.91334e-06 0 (dft)
265 2.39928e-08 3.37134e-12 0 0.00698132 0.00229977 3.23151e-07 0
265 2.39975e-08 3.37206e-12 0 0.00698132 0.00230022 3.23221e-07 0 (dft)
270 1.74899e-08 4.28959e-08 0 0.00698132 0.00167645 0.00411168 0
270 1.74924e-08 4.29041e-08 0 0.00698132 0.00167669 0.00411246 0 (dft)
270 2.17744e-08 3.69969e-09 0 0.00698132 0.00208713 0.000354624 0
270 2.1778e-08 3.70054e-09 0 0.00698132 0.00208748 0.000354705 0 (dft)
270 2.26261e-08 3.4772e-10 0 0.00698132 0.00216877 3.33298e-05 0
270 2.26306e-08 3.47797e-10 0 0.00698132 0.0021692 3.33372e-05 0 (dft)
270 2.37392e-08 3.60887e-11 0 0.00698132 0.00227546 3.45919e-06 0
270 2.37439e-08 3.60966e-11 0 0.00698132 0.00227591 3.45995e-06 0 (dft)
270 2.39851e-08 4.13415e-12 0 0.00698132 0.00229903 3.96269e-07 0
270 2.39898e-08 4.13504e-12 0 0.00698132 0.00229948 3.96354e-07 0 (dft)
275 1.54035e-08 4.50574e-08 0 0.00698132 0.00147647 0.00431886 0
275 1.54059e-08 4.50658e-08 0 0.00698132 0.00147669 0.00431967 0 (dft)
275 2.19379e-08 4.05912e-09 0 0.00698132 0.0021028 0.000389077 0
275 2.19416e-08 4.06005e-09 0 0.00698132 0.00210315 0.000389166 0 (dft)
275 2.25229e-08 3.96457e-10 0 0.00698132 0.00215888 3.80014e-05 0
275 2.25274e-08 3.96546e-10 0 0.00698132 0.00215931 3.80099e-05 0 (dft)
275 2.36992e-08 4.26159e-11 0 0.00698132 0.00227163 4.08484e-06 0
275 2.37039e-08 4.26252e-11 0 0.00698132 0.00227208 4.08573e-06 0 (dft)
275 2.39762e-08 5.03655e-12 0 0.00698132 0.00229817 4.82766e-07 0
275 2.39809e-08 5.03764e-12 0 0.00698132 0.00229863 4.8287e-07 0 (dft)
280 -3.18928e-08 3.64194e-08 0 0.00698132 -0.003057 0.00349088 0
280 -3.18945e-08 3.64195e-08 0 0.00698132 -0.00305717 0.0034909 0 (dft)
280 1.07674e-08 1.81488e-09 0 0.00698132 0.00103208 0.000173961 0
280 1.07673e-08 1.81499e-09 0 0.00698132 0.00103207 0.000173971 0 (dft)
280 2.09688e-08 4.27283e-11 0 0.00698132 0.00200991 4.09562e-06 0
280 2.0969e-08 4.27299e-11 0 0.00698132 0.00200993 4.09576e-06 0 (dft)
280 2.34048e-08 -6.94325e-12 0 0.00698132 0.00224341 -6.65527e-07 0
280 2.34051e-08 -6.94388e-12 0 0.00698132 0.00224343 -6.65588e-07 0 (dft)
280 2.38633e-08 -2.39722e-12 0 0.00698132 0.00228735 -2.29779e-07 0
280 2.38635e-08 -2.3974e-12 0 0.00698132 0.00228737 -2.29797e-07 0 (dft)
285 -3.3452e-08 3.79791e-08 0 0.00698132 -0.00320646 0.00364039 0
285 -3.34539e-08 3.7979e-08 0 0.00698132 -0.00320663 0.00364038 0 (dft)
285 1.00849e-08 2.05067e-09 0 0.00698132 0.00096666 0.000196562 0
285 1.00847e-08 2.0508e-09 0 0.00698132 0.000966647 0.000196574 0 (dft)
285 2.07006e-08 5.53919e-11 0 0.00698132 0.00198421 5.30945e-06 0
285 2.07008e-08 5.53941e-11 0 0.00698132 0.00198422 5.30966e-06 0 (dft)
285 2.33312e-08 -7.13092e-12 0 0.00698132 0.00223635 -6.83516e-07 0
285 2.33314e-08 -7.1316e-12 0 0.00698132 0.00223637 -6.83581e-07 0 (dft)
285 2.38474e-08 -2.70202e-12 0 0.00698132 0.00228583 -2.58995e-07 0
285 2.38477e-08 -2.70223e-12 0 0.00698132 0.00228586 -2.59015e-07 0 (dft)
290 -3.49766e-08 3.94772e-08 0 0.00698132 -0.00335259 0.00378399 0
290 -3.49786e-08 3.9477e-08 0 0.00698132 -0.00335278 0.00378396 0 (dft)
290 9.39298e-09 2.30611e-09 0 0.00698132 0.00090034 0.000221046 0
290 9.39282e-09 2.30624e-09 0 0.00698132 0.000900325 0.000221059 0 (dft)
290 2.0421e-08 7.02031e-11 0 0.00698132 0.0019574 6.72914e-06 0
290 2.04212e-08 7.02062e-11 0 0.00698132 0.00195742 6.72943e-06 0 (dft)
290 2.32512e-08 -7.19725e-12 0 0.00698132 0.00222868 -6.89874e-07 0
290 2.32514e-08 -7.19796e-12 0 0.00698132 0.0022287 -6.89942e-07 0 (dft)
290 2.38295e-08 -3.02567e-12 0 0.00698132 0.00228411 -2.90018e-07 0
290 2.38297e-08 -3.02591e-12 0 0.00698132 0.00228414 -2.9004e-07 0 (dft)
295 -3.64641e-08 4.09048e-08 0 0.00698132 -0.00349517 0.00392082 0
295 -3.64661e-08 4.09043e-08 0 0.00698132 -0.00349537 0.00392077 0 (dft)
295 8.69181e-09 2.5818e-09 0 0.00698132 0.000833131 0.000247472 0
295 8.69163e-09 2.58195e-09 0 0.00698132 0.000833114 0.000247486 0 (dft)
295 2.01302e-08 8.73821e-11 0 0.00698132 0.00192953 8.37578e-06 0
295 2.01303e-08 8.73861e-11 0 0.00698132 0.00192954 8.37617e-06 0 (dft)
295 2.31645e-08 -7.11321e-12 0 0.00698132 0.00222038 -6.81819e-07 0
295 2.31648e-08 -7.11395e-12 0 0.00698132 0.0022204 -6.8189e-07 0 (dft)
295 2.38092e-08 -3.36638e-12 0 0.00698132 0.00228217 -3.22676e-07 0
295 2.38095e-08 -3.36665e-12 0 0.00698132 0.0022822 -3.22701e-07 0 (dft)
300 -3.79134e-08 4.22497e-08 0 0.00698132 -0.00363409 0.00404974 0
300 -3.79156e-08 4.2249e-08 0 0.00698132 -0.00363431 0.00404967 0 (dft)
300 7.98144e-09 2.87813e-09 0 0.00698132 0.000765041 0.000275876 0
300 7.98125e-09 2.8783e-09 0 0.00698132 0.000765022 0.000275892 0 (dft)
300 1.98286e-08 1.07141e-10 0 0.00698132 0.00190062 1.02697e-05 0
300 1.98288e-08 1.07146e-10 0 0.00698132 0.00190064 1.02702e-05 0 (dft)
300 2.30712e-08 -6.84829e-12 0 0.00698132 0.00221143 -6.56425e-07 0
300 2.30714e-08 -6.84905e-12 0 0.00698132 0.00221145 -6.56498e-07 0 (dft)
300 2.37866e-08 -3.722e-12 0 0.00698132 0.00228 -3.56763e-07 0
300 2.37868e-08 -3.7223e-12 0 0.00698132 0.00228003 -3.56791e-07 0 (dft)
