# ecut,   Bind_x,   Bind_y,   Bind_z,    Bext,    sigma_x(ppm),   sigma_y,   sigma_z
10 2.70942e-07 -2.99976e-22 0 0.00698132 0.0259704 -2.87534e-17 0
10 2.70942e-07 -2.02065e-22 0 0.00698132 0.0259704 -1.93685e-17 0
10 2.70942e-07 -2.08184e-21 0 0.00698132 0.0259704 -1.99549e-16 0
10 2.70942e-07 -2.21847e-21 0 0.00698132 0.0259704 -2.12645e-16 0
10 2.70942e-07 -3.68035e-23 0 0.00698132 0.0259704 -3.52771e-18 0
15 7.78449e-08 -1.90706e-21 0 0.00698132 0.00746162 -1.82797e-16 0
15 7.78449e-08 -2.83151e-21 0 0.00698132 0.00746162 -2.71407e-16 0
15 7.78449e-08 -2.22398e-21 0 0.00698132 0.00746162 -2.13174e-16 0
15 7.78449e-08 -3.10797e-21 0 0.00698132 0.00746162 -2.97906e-16 0
15 7.78449e-08 -2.87757e-21 0 0.00698132 0.00746162 -2.75822e-16 0
20 -4.63694e-08 1.29665e-20 0 0.00698132 -0.00444462 1.24287e-15 0
20 -4.63694e-08 2.24448e-21 0 0.00698132 -0.00444462 2.15139e-16 0
20 -4.63694e-08 3.19576e-21 0 0.00698132 -0.00444462 3.06321e-16 0
20 -4.63694e-08 3.4671e-21 0 0.00698132 -0.00444462 3.3233e-16 0
20 -4.63694e-08 3.55091e-21 0 0.00698132 -0.00444462 3.40363e-16 0
25 2.69067e-08 -4.14699e-18 0 0.00698132 0.00257907 -3.97499e-13 0
25 2.69067e-08 7.99262e-23 0 0.00698132 0.00257907 7.66112e-18 0
25 2.69067e-08 -1.19915e-21 0 0.00698132 0.00257907 -1.14942e-16 0
25 2.69067e-08 -1.05752e-21 0 0.00698132 0.00257907 -1.01366e-16 0
25 2.69067e-08 -3.48003e-22 0 0.00698132 0.00257907 -3.3357e-17 0
30 2.69067e-08 -2.71434e-16 0 0.00698132 0.00257907 -2.60176e-11 0
30 2.69067e-08 -5.20765e-22 0 0.00698132 0.00257907 -4.99166e-17 0
30 2.69067e-08 -6.49375e-22 0 0.00698132 0.00257907 -6.22442e-17 0
30 2.69067e-08 -4.33359e-22 0 0.00698132 0.00257907 -4.15385e-17 0
30 2.69067e-08 -2.87429e-22 0 0.00698132 0.00257907 -2.75508e-17 0
35 2.29957e-08 3.21194e-15 0 0.00698132 0.00220419 3.07872e-10 0
35 2.29959e-08 4.6691e-22 0 0.00698132 0.00220421 4.47544e-17 0
35 2.29959e-08 -3.34139e-21 0 0.00698132 0.00220421 -3.20281e-16 0
35 2.29959e-08 -3.19878e-21 0 0.00698132 0.00220421 -3.06611e-16 0
35 2.29959e-08 -3.85593e-21 0 0.00698132 0.00220421 -3.696e-16 0
40 2.76734e-08 5.30721e-14 0 0.00698132 0.00265256 5.08709e-09 0
40 2.76751e-08 1.3504e-19 0 0.00698132 0.00265273 1.29439e-14 0
40 2.76751e-08 -1.82647e-21 0 0.00698132 0.00265273 -1.75072e-16 0
40 2.76751e-08 -8.90014e-22 0 0.00698132 0.00265273 -8.531e-17 0
40 2.76751e-08 -7.57237e-22 0 0.00698132 0.00265273 -7.2583e-17 0
45 3.26364e-08 2.59009e-13 0 0.00698132 0.00312828 2.48266e-08 0
45 3.2644e-08 2.44285e-18 0 0.00698132 0.003129 2.34154e-13 0
45 3.2644e-08 1.19324e-20 0 0.00698132 0.003129 1.14375e-15 0
45 3.2644e-08 8.40186e-21 0 0.00698132 0.003129 8.05339e-16 0
45 3.2644e-08 1.04579e-20 0 0.00698132 0.003129 1.00242e-15 0
50 3.08696e-08 7.38353e-14 0 0.00698132 0.00295892 7.07729e-09 0
50 3.089e-08 -2.63504e-17 0 0.00698132 0.00296088 -2.52575e-12 0
50 3.089e-08 -8.31661e-21 0 0.00698132 0.00296088 -7.97167e-16 0
50 3.089e-08 -5.99964e-21 0 0.00698132 0.00296088 -5.7508e-16 0
50 3.089e-08 -6.27556e-21 0 0.00698132 0.00296088 -6.01528e-16 0
55 2.12491e-08 -1.96158e-13 0 0.00698132 0.00203678 -1.88022e-08 0
55 2.12955e-08 1.56413e-16 0 0.00698132 0.00204123 1.49926e-11 0
55 2.12955e-08 2.74659e-20 0 0.00698132 0.00204123 2.63267e-15 0
55 2.12955e-08 1.03831e-20 0 0.00698132 0.00204123 9.95241e-16 0
55 2.12955e-08 1.17168e-20 0 0.00698132 0.00204123 1.12308e-15 0
60 2.35509e-08 -5.37638e-12 0 0.00698132 0.00225741 -5.15339e-07 0
60 2.36735e-08 -7.00787e-16 0 0.00698132 0.00226916 -6.71721e-11 0
60 2.36735e-08 1.09448e-19 0 0.00698132 0.00226916 1.04908e-14 0
60 2.36735e-08 2.2125e-19 0 0.00698132 0.00226916 2.12073e-14 0
60 2.36735e-08 2.21006e-19 0 0.00698132 0.00226916 2.1184e-14 0
65 2.34179e-08 -1.28941e-11 0 0.00698132 0.00224466 -1.23593e-06 0
65 2.36734e-08 -3.10933e-15 0 0.00698132 0.00226916 -2.98037e-10 0
65 2.36735e-08 -7.78926e-19 0 0.00698132 0.00226916 -7.4662e-14 0
65 2.36735e-08 2.1976e-19 0 0.00698132 0.00226916 2.10646e-14 0
65 2.36735e-08 2.21169e-19 0 0.00698132 0.00226916 2.11996e-14 0
70 2.84794e-08 -8.76752e-11 0 0.00698132 0.00272982 -8.40388e-06 0
70 2.91997e-08 -1.32651e-14 0 0.00698132 0.00279886 -1.27149e-09 0
70 2.92e-08 -1.76444e-18 0 0.00698132 0.00279889 -1.69126e-13 0
70 2.92e-08 -4.63965e-20 0 0.00698132 0.00279889 -4.44722e-15 0
70 2.92e-08 -4.63219e-20 0 0.00698132 0.00279889 -4.44007e-15 0
75 2.80164e-08 -1.72338e-10 0 0.00698132 0.00268544 -1.6519e-05 0
75 2.91991e-08 -4.61991e-14 0 0.00698132 0.0027988 -4.42829e-09 0
75 2.92e-08 -1.11785e-17 0 0.00698132 0.00279889 -1.07148e-12 0
75 2.92e-08 4.70368e-19 0 0.00698132 0.00279889 4.5086e-14 0
75 2.92e-08 4.71304e-19 0 0.00698132 0.00279889 4.51756e-14 0
80 2.00553e-08 1.48182e-10 0 0.00698132 0.00192235 1.42036e-05 0
80 2.12055e-08 1.27251e-14 0 0.00698132 0.0020326 1.21973e-09 0
80 2.1207e-08 -1.49742e-16 0 0.00698132 0.00203274 -1.43531e-11 0
80 2.1207e-08 -6.4395e-20 0 0.00698132 0.00203274 -6.17242e-15 0
80 2.1207e-08 2.43908e-19 0 0.00698132 0.00203274 2.33792e-14 0
85 2.14956e-08 -1.35023e-10 0 0.00698132 0.00206041 -1.29423e-05 0
85 2.29914e-08 -1.5333e-13 0 0.00698132 0.00220378 -1.46971e-08 0
85 2.29948e-08 -3.15774e-16 0 0.00698132 0.0022041 -3.02677e-11 0
85 2.29948e-08 -6.43421e-19 0 0.00698132 0.0022041 -6.16735e-14 0
85 2.29948e-08 2.62297e-20 0 0.00698132 0.0022041 2.51418e-15 0
90 2.11176e-08 2.25468e-10 0 0.00698132 0.00202417 2.16116e-05 0
90 2.3131e-08 2.27139e-13 0 0.00698132 0.00221716 2.17718e-08 0
90 2.31388e-08 1.49898e-15 0 0.00698132 0.00221791 1.43681e-10 0
90 2.31388e-08 6.24841e-18 0 0.00698132 0.00221791 5.98925e-13 0
90 2.31388e-08 3.4552e-20 0 0.00698132 0.00221791 3.31189e-15 0
95 2.05512e-08 3.66443e-10 0 0.00698132 0.00196988 3.51245e-05 0
95 2.31236e-08 4.11231e-13 0 0.00698132 0.00221646 3.94175e-08 0
95 2.31388e-08 3.62639e-15 0 0.00698132 0.00221791 3.47598e-10 0
95 2.31388e-08 2.18142e-17 0 0.00698132 0.00221791 2.09094e-12 0
95 2.31388e-08 1.13939e-19 0 0.00698132 0.00221791 1.09214e-14 0
100 2.31392e-08 -3.17772e-10 0 0.00698132 0.00221795 -3.04592e-05 0
100 2.62051e-08 -9.60866e-13 0 0.00698132 0.00251182 -9.21013e-08 0
100 2.62296e-08 -7.29344e-15 0 0.00698132 0.00251417 -6.99094e-10 0
100 2.62297e-08 -4.99103e-17 0 0.00698132 0.00251418 -4.78402e-12 0
100 2.62297e-08 -2.74066e-19 0 0.00698132 0.00251418 -2.62699e-14 0
105 2.25276e-08 -4.42587e-10 0 0.00698132 0.00215933 -4.24231e-05 0
105 2.61877e-08 -1.61783e-12 0 0.00698132 0.00251016 -1.55073e-07 0
105 2.62295e-08 -1.51474e-14 0 0.00698132 0.00251416 -1.45191e-09 0
105 2.62297e-08 -1.36766e-16 0 0.00698132 0.00251418 -1.31094e-11 0
105 2.62297e-08 -1.01726e-18 0 0.00698132 0.00251418 -9.75066e-14 0
110 2.19431e-08 -5.97643e-10 0 0.00698132 0.0021033 -5.72855e-05 0
110 2.6162e-08 -2.61421e-12 0 0.00698132 0.00250769 -2.50578e-07 0
110 2.62293e-08 -2.91386e-14 0 0.00698132 0.00251414 -2.79301e-09 0
110 2.62297e-08 -3.36987e-16 0 0.00698132 0.00251418 -3.23011e-11 0
110 2.62297e-08 -3.25715e-18 0 0.00698132 0.00251418 -3.12206e-13 0
115 2.14222e-08 -7.86795e-10 0 0.00698132 0.00205337 -7.54162e-05 0
115 2.61259e-08 -4.08972e-12 0 0.00698132 0.00250423 -3.92009e-07 0
115 2.62288e-08 -5.27091e-14 0 0.00698132 0.00251409 -5.05229e-09 0
115 2.62297e-08 -7.6016e-16 0 0.00698132 0.00251418 -7.28631e-11 0
115 2.62297e-08 -9.29658e-18 0 0.00698132 0.00251418 -8.91099e-13 0
120 2.09992e-08 -1.01393e-09 0 0.00698132 0.00201283 -9.71874e-05 0
120 2.6077e-08 -6.23097e-12 0 0.00698132 0.00249954 -5.97253e-07 0
120 2.6228e-08 -9.08074e-14 0 0.00698132 0.00251402 -8.70411e-09 0
120 2.62297e-08 -1.59428e-15 0 0.00698132 0.00251418 -1.52815e-10 0
120 2.62297e-08 -2.4159e-17 0 0.00698132 0.00251418 -2.3157e-12 0
125 2.07063e-08 -1.28227e-09 0 0.00698132 0.00198475 -0.000122908 0
125 2.6013e-08 -9.26871e-12 0 0.00698132 0.00249341 -8.88428e-07 0
125 2.62267e-08 -1.50257e-13 0 0.00698132 0.00251389 -1.44025e-08 0
125 2.62297e-08 -3.14326e-15 0 0.00698132 0.00251418 -3.01289e-10 0
125 2.62297e-08 -5.79438e-17 0 0.00698132 0.00251418 -5.55406e-12 0
130 2.05706e-08 -1.59395e-09 0 0.00698132 0.00197175 -0.000152784 0
130 2.59316e-08 -1.34778e-11 0 0.00698132 0.00248561 -1.29188e-06 0
130 2.62246e-08 -2.40093e-13 0 0.00698132 0.00251369 -2.30135e-08 0
130 2.62297e-08 -5.86931e-15 0 0.00698132 0.00251418 -5.62588e-10 0
130 2.62297e-08 -1.29496e-16 0 0.00698132 0.00251418 -1.24125e-11 0
135 2.22861e-08 -1.9015e-09 0 0.00698132 0.00213618 -0.000182263 0
135 2.3094e-08 -1.54117e-11 0 0.00698132 0.00221361 -1.47725e-06 0
135 2.33964e-08 -2.21783e-13 0 0.00698132 0.0022426 -2.12584e-08 0
135 2.3403e-08 -4.64116e-15 0 0.00698132 0.00224323 -4.44866e-10 0
135 2.34031e-08 -1.03053e-16 0 0.00698132 0.00224325 -9.87785e-12 0
140 1.71755e-08 -1.32177e-08 0 0.00698132 0.00164631 -0.00126695 0
140 2.23222e-08 -1.61918e-10 0 0.00698132 0.00213964 -1.55203e-05 0
140 2.28554e-08 -2.47713e-12 0 0.00698132 0.00219075 -2.37439e-07 0
140 2.28686e-08 -4.77908e-14 0 0.00698132 0.00219201 -4.58086e-09 0
140 2.28688e-08 -1.05571e-15 0 0.00698132 0.00219203 -1.01193e-10 0
145 1.76383e-08 -1.57035e-08 0 0.00698132 0.00169067 -0.00150521 0
145 2.21706e-08 -2.21657e-10 0 0.00698132 0.00212511 -2.12464e-05 0
145 2.28486e-08 -3.84106e-12 0 0.00698132 0.00219009 -3.68175e-07 0
145 2.28684e-08 -8.29984e-14 0 0.00698132 0.00219199 -7.9556e-09 0
145 2.28688e-08 -2.06806e-15 0 0.00698132 0.00219203 -1.98228e-10 0
150 1.83325e-08 -1.84392e-08 0 0.00698132 0.00175721 -0.00176745 0
150 2.1995e-08 -2.97277e-10 0 0.00698132 0.00210827 -2.84947e-05 0
150 2.28392e-08 -5.79555e-12 0 0.00698132 0.0021892 -5.55518e-07 0
150 2.28681e-08 -1.39224e-13 0 0.00698132 0.00219196 -1.33449e-08 0
150 2.28688e-08 -3.87522e-15 0 0.00698132 0.00219203 -3.7145e-10 0
155 1.92615e-08 -2.14315e-08 0 0.00698132 0.00184626 -0.00205426 0
155 2.17955e-08 -3.91458e-10 0 0.00698132 0.00208915 -3.75222e-05 0
155 2.28267e-08 -8.53164e-12 0 0.00698132 0.00218799 -8.17779e-07 0
155 2.28676e-08 -2.26353e-13 0 0.00698132 0.00219191 -2.16965e-08 0
155 2.28688e-08 -6.97757e-15 0 0.00698132 0.00219203 -6.68817e-10 0
160 1.40899e-08 2.45166e-08 0 0.00698132 0.00135055 0.00234997 0
160 2.34142e-08 4.12688e-10 0 0.00698132 0.00224431 3.95572e-05 0
160 2.51881e-08 7.54021e-12 0 0.00698132 0.00241434 7.22748e-07 0
160 2.52639e-08 8.9896e-14 0 0.00698132 0.00242161 8.61675e-09 0
160 2.52664e-08 -1.84176e-15 0 0.00698132 0.00242185 -1.76537e-10 0
165 1.49326e-08 2.8328e-08 0 0.00698132 0.00143132 0.00271531 0
165 2.30461e-08 5.31938e-10 0 0.00698132 0.00220902 5.09875e-05 0
165 2.51596e-08 1.10748e-11 0 0.00698132 0.0024116 1.06154e-06 0
165 2.52626e-08 1.66401e-13 0 0.00698132 0.00242148 1.59499e-08 0
165 2.52664e-08 -1.9236e-15 0 0.00698132 0.00242185 -1.84382e-10 0
170 1.6045e-08 3.24921e-08 0 0.00698132 0.00153795 0.00311444 0
170 2.26415e-08 6.75741e-10 0 0.00698132 0.00217024 6.47714e-05 0
170 2.51236e-08 1.58675e-11 0 0.00698132 0.00240815 1.52094e-06 0
170 2.52606e-08 2.89279e-13 0 0.00698132 0.00242129 2.77281e-08 0
170 2.52663e-08 -1.27273e-15 0 0.00698132 0.00242184 -1.21994e-10 0
175 6.36812e-08 5.26833e-08 0 0.00698132 0.006104 0.00504983 0
175 2.2651e-08 1.10935e-09 0 0.00698132 0.00217116 0.000106334 0
175 2.3651e-08 3.15242e-11 0 0.00698132 0.00226701 3.02167e-06 0
175 2.37594e-08 1.10057e-12 0 0.00698132 0.0022774 1.05492e-07 0
175 2.37651e-08 4.56078e-14 0 0.00698132 0.00227794 4.37162e-09 0
180 -2.02916e-08 1.26196e-08 0 0.00698132 -0.001945 0.00120962 0
180 2.24811e-08 3.61988e-10 0 0.00698132 0.00215487 3.46974e-05 0
180 2.49665e-08 1.325e-11 0 0.00698132 0.0023931 1.27004e-06 0
180 2.51055e-08 6.22296e-13 0 0.00698132 0.00240642 5.96486e-08 0
180 2.51124e-08 3.5131e-14 0 0.00698132 0.00240708 3.36739e-09 0
185 -2.44837e-08 1.41242e-08 0 0.00698132 -0.00234682 0.00135384 0
185 2.20259e-08 4.3996e-10 0 0.00698132 0.00211123 4.21712e-05 0
185 2.49257e-08 1.73461e-11 0 0.00698132 0.00238919 1.66266e-06 0
185 2.51026e-08 8.6505e-13 0 0.00698132 0.00240615 8.29171e-08 0
185 2.51122e-08 5.20473e-14 0 0.00698132 0.00240706 4.98886e-09 0
190 7.58567e-09 7.87583e-09 0 0.00698132 0.000727105 0.000754918 0
190 2.13802e-08 2.84074e-10 0 0.00698132 0.00204934 2.72291e-05 0
190 2.453e-08 5.58752e-12 0 0.00698132 0.00235126 5.35578e-07 0
190 2.47916e-08 -2.95566e-13 0 0.00698132 0.00237633 -2.83307e-08 0
190 2.48081e-08 -5.59913e-14 0 0.00698132 0.00237792 -5.3669e-09 0
195 7.759e-09 8.52302e-09 0 0.00698132 0.000743719 0.000816952 0
195 2.09415e-08 3.43925e-10 0 0.00698132 0.0020073 3.2966e-05 0
195 2.44647e-08 8.04177e-12 0 0.00698132 0.002345 7.70823e-07 0
195 2.47855e-08 -3.09148e-13 0 0.00698132 0.00237575 -2.96326e-08 0
195 2.48076e-08 -7.39113e-14 0 0.00698132 0.00237787 -7.08458e-09 0
200 8.10192e-09 9.16775e-09 0 0.00698132 0.000776589 0.000878751 0
200 2.04809e-08 4.12092e-10 0 0.00698132 0.00196314 3.95e-05 0
200 2.43893e-08 1.11987e-11 0 0.00698132 0.00233778 1.07343e-06 0
200 2.47779e-08 -2.98162e-13 0 0.00698132 0.00237502 -2.85796e-08 0
200 2.4807e-08 -9.5317e-14 0 0.00698132 0.00237781 -9.13637e-09 0
205 8.62199e-09 9.79886e-09 0 0.00698132 0.000826439 0.000939245 0
205 2.00002e-08 4.8893e-10 0 0.00698132 0.00191707 4.68652e-05 0
205 2.43031e-08 1.51778e-11 0 0.00698132 0.00232951 1.45482e-06 0
205 2.47685e-08 -2.51182e-13 0 0.00698132 0.00237412 -2.40764e-08 0
205 2.48062e-08 -1.20192e-13 0 0.00698132 0.00237773 -1.15207e-08 0
210 9.3284e-09 1.04169e-08 0 0.00698132 0.000894149 0.000998485 0
210 1.95018e-08 5.75041e-10 0 0.00698132 0.0018693 5.51191e-05 0
210 2.42055e-08 2.01181e-11 0 0.00698132 0.00232015 1.92837e-06 0
210 2.47568e-08 -1.53786e-13 0 0.00698132 0.002373 -1.47408e-08 0
210 2.48051e-08 -1.48247e-13 0 0.00698132 0.00237763 -1.42098e-08 0
215 2.02959e-08 6.35216e-09 0 0.00698132 0.00194541 0.00060887 0
215 1.76849e-08 5.41513e-10 0 0.00698132 0.00169514 5.19054e-05 0
215 2.32284e-08 3.82923e-11 0 0.00698132 0.0022265 3.67041e-06 0
215 2.38925e-08 2.69297e-12 0 0.00698132 0.00229016 2.58128e-07 0
215 2.39516e-08 2.01895e-13 0 0.00698132 0.00229582 1.93521e-08 0
220 2.27745e-08 6.75059e-09 0 0.00698132 0.00218299 0.00064706 0
220 1.71138e-08 6.12757e-10 0 0.00698132 0.0016404 5.87342e-05 0
220 2.30995e-08 4.62453e-11 0 0.00698132 0.00221414 4.43272e-06 0
220 2.38758e-08 3.44455e-12 0 0.00698132 0.00228856 3.30168e-07 0
220 2.39498e-08 2.71854e-13 0 0.00698132 0.00229565 2.60578e-08 0
225 3.71717e-08 -4.62424e-08 0 0.00698132 0.003563 -0.00443245 0
225 2.06364e-08 -1.67798e-09 0 0.00698132 0.00197805 -0.000160839 0
225 2.32529e-08 -8.93093e-11 0 0.00698132 0.00222885 -8.56051e-06 0
225 2.38134e-08 -5.37629e-12 0 0.00698132 0.00228257 -5.1533e-07 0
225 2.38796e-08 -3.27115e-13 0 0.00698132 0.00228892 -3.13548e-08 0
230 3.92923e-08 -5.05382e-08 0 0.00698132 0.00376626 -0.00484421 0
230 2.05008e-08 -1.93151e-09 0 0.00698132 0.00196505 -0.00018514 0
230 2.31641e-08 -1.08335e-10 0 0.00698132 0.00222033 -1.03841e-05 0
230 2.37972e-08 -6.90413e-12 0 0.00698132 0.00228102 -6.61777e-07 0
230 2.38775e-08 -4.47787e-13 0 0.00698132 0.00228871 -4.29215e-08 0
235 4.15586e-08 -5.5052e-08 0 0.00698132 0.0039835 -0.00527687 0
235 2.03836e-08 -2.21135e-09 0 0.00698132 0.00195382 -0.000211963 0
235 2.30691e-08 -1.30386e-10 0 0.00698132 0.00221123 -1.24978e-05 0
235 2.37784e-08 -8.77187e-12 0 0.00698132 0.00227922 -8.40806e-07 0
235 2.38749e-08 -6.04286e-13 0 0.00698132 0.00228846 -5.79223e-08 0
240 4.39767e-08 -5.97824e-08 0 0.00698132 0.00421527 -0.00573029 0
240 2.02869e-08 -2.51887e-09 0 0.00698132 0.00194455 -0.00024144 0
240 2.29682e-08 -1.55776e-10 0 0.00698132 0.00220156 -1.49315e-05 0
240 2.3757e-08 -1.10342e-11 0 0.00698132 0.00227716 -1.05766e-06 0
240 2.38717e-08 -8.04763e-13 0 0.00698132 0.00228816 -7.71385e-08 0
245 4.65528e-08 -6.47286e-08 0 0.00698132 0.0044622 -0.00620439 0
245 2.02124e-08 -2.85558e-09 0 0.00698132 0.0019374 -0.000273715 0
245 2.28619e-08 -1.84844e-10 0 0.00698132 0.00219137 -1.77178e-05 0
245 2.37326e-08 -1.37523e-11 0 0.00698132 0.00227483 -1.31819e-06 0
245 2.38678e-08 -1.05875e-12 0 0.00698132 0.00228779 -1.01484e-07 0
250 4.92925e-08 -6.98933e-08 0 0.00698132 0.00472481 -0.00669944 0
250 2.01616e-08 -3.22312e-09 0 0.00698132 0.00193254 -0.000308944 0
250 2.27506e-08 -2.17949e-10 0 0.00698132 0.0021807 -2.08909e-05 0
250 2.37052e-08 -1.6993e-11 0 0.00698132 0.0022722 -1.62882e-06 0
250 2.38633e-08 -1.37724e-12 0 0.00698132 0.00228735 -1.32012e-07 0
255 5.21986e-08 -7.52728e-08 0 0.00698132 0.00500336 -0.00721508 0
255 2.0136e-08 -3.62272e-09 0 0.00698132 0.00193008 -0.000347247 0
255 2.26348e-08 -2.55444e-10 0 0.00698132 0.0021696 -2.4485e-05 0
255 2.36746e-08 -2.08279e-11 0 0.00698132 0.00226927 -1.9964e-06 0
255 2.38578e-08 -1.77263e-12 0 0.00698132 0.00228683 -1.69911e-07 0
260 2.10721e-08 3.86516e-08 0 0.00698132 0.00201981 0.00370485 0
260 2.15243e-08 3.04228e-09 0 0.00698132 0.00206316 0.00029161 0
260 2.28313e-08 2.63739e-10 0 0.00698132 0.00218844 2.52801e-05 0
260 2.38095e-08 2.54343e-11 0 0.00698132 0.0022822 2.43794e-06 0
260 2.39995e-08 2.73056e-12 0 0.00698132 0.00230041 2.61731e-07 0
265 1.93795e-08 4.07597e-08 0 0.00698132 0.00185757 0.00390691 0
265 2.16363e-08 3.36082e-09 0 0.00698132 0.00207389 0.000322143 0
265 2.27291e-08 3.03567e-10 0 0.00698132 0.00217864 2.90977e-05 0
265 2.37759e-08 3.03874e-11 0 0.00698132 0.00227898 2.9127e-06 0
265 2.39928e-08 3.37134e-12 0 0.00698132 0.00229977 3.23151e-07 0
270 1.74899e-08 4.28959e-08 0 0.00698132 0.00167645 0.00411168 0
270 2.17744e-08 3.69969e-09 0 0.00698132 0.00208713 0.000354624 0
270 2.26261e-08 3.4772e-10 0 0.00698132 0.00216877 3.33298e-05 0
270 2.37392e-08 3.60887e-11 0 0.00698132 0.00227546 3.45919e-06 0
270 2.39851e-08 4.13415e-12 0 0.00698132 0.00229903 3.96269e-07 0
275 1.54035e-08 4.50574e-08 0 0.00698132 0.00147647 0.00431886 0
275 2.19379e-08 4.05912e-09 0 0.00698132 0.0021028 0.000389077 0
275 2.25229e-08 3.96457e-10 0 0.00698132 0.00215888 3.80014e-05 0
275 2.36992e-08 4.26159e-11 0 0.00698132 0.00227163 4.08484e-06 0
275 2.39762e-08 5.03655e-12 0 0.00698132 0.00229817 4.82766e-07 0
280 -3.18928e-08 3.64194e-08 0 0.00698132 -0.003057 0.00349088 0
280 1.07674e-08 1.81488e-09 0 0.00698132 0.00103208 0.000173961 0
280 2.09688e-08 4.27283e-11 0 0.00698132 0.00200991 4.09562e-06 0
280 2.34048e-08 -6.94325e-12 0 0.00698132 0.00224341 -6.65527e-07 0
280 2.38633e-08 -2.39722e-12 0 0.00698132 0.00228735 -2.29779e-07 0
285 -3.3452e-08 3.79791e-08 0 0.00698132 -0.00320646 0.00364039 0
285 1.00849e-08 2.05067e-09 0 0.00698132 0.00096666 0.000196562 0
285 2.07006e-08 5.53919e-11 0 0.00698132 0.00198421 5.30945e-06 0
285 2.33312e-08 -7.13092e-12 0 0.00698132 0.00223635 -6.83516e-07 0
285 2.38474e-08 -2.70202e-12 0 0.00698132 0.00228583 -2.58995e-07 0
290 -3.49766e-08 3.94772e-08 0 0.00698132 -0.00335259 0.00378399 0
290 9.39298e-09 2.30611e-09 0 0.00698132 0.00090034 0.000221046 0
290 2.0421e-08 7.02031e-11 0 0.00698132 0.0019574 6.72914e-06 0
290 2.32512e-08 -7.19725e-12 0 0.00698132 0.00222868 -6.89874e-07 0
290 2.38295e-08 -3.02567e-12 0 0.00698132 0.00228411 -2.90018e-07 0
295 -3.64641e-08 4.09048e-08 0 0.00698132 -0.00349517 0.00392082 0
295 8.69181e-09 2.5818e-09 0 0.00698132 0.000833131 0.000247472 0
295 2.01302e-08 8.73821e-11 0 0.00698132 0.00192953 8.37578e-06 0
295 2.31645e-08 -7.11321e-12 0 0.00698132 0.00222038 -6.81819e-07 0
295 2.38092e-08 -3.36638e-12 0 0.00698132 0.00228217 -3.22676e-07 0
300 -3.79134e-08 4.22497e-08 0 0.00698132 -0.00363409 0.00404974 0
300 7.98144e-09 2.87813e-09 0 0.00698132 0.000765041 0.000275876 0
300 1.98286e-08 1.07141e-10 0 0.00698132 0.00190062 1.02697e-05 0
300 2.30712e-08 -6.84829e-12 0 0.00698132 0.00221143 -6.56425e-07 0
300 2.37866e-08 -3.722e-12 0 0.00698132 0.00228 -3.56763e-07 0
