# ecut,   Bind_x,   Bind_y,   Bind_z,    Bext,    sigma_x(ppm),   sigma_y,   sigma_z
10 4.29224e-07 2.49454e-21 0 0.00698132 0.0411421 2.39108e-16 0
10 4.44419e-07 -4.85109e-22 0 0.00698132 0.0425987 -4.64988e-17 0 (dft)
10 4.29224e-07 -1.32245e-21 0 0.00698132 0.0411421 -1.2676e-16 0
10 4.44419e-07 -3.62322e-22 0 0.00698132 0.0425987 -3.47294e-17 0 (dft)
10 4.29224e-07 -1.86994e-21 0 0.00698132 0.0411421 -1.79239e-16 0
10 4.44419e-07 -2.17352e-21 0 0.00698132 0.0425987 -2.08337e-16 0 (dft)
10 4.29224e-07 3.5887e-22 0 0.00698132 0.0411421 3.43985e-17 0
10 4.44419e-07 -1.22136e-21 0 0.00698132 0.0425987 -1.17071e-16 0 (dft)
10 4.29224e-07 3.30726e-21 0 0.00698132 0.0411421 3.17009e-16 0
10 4.44419e-07 -7.9228e-22 0 0.00698132 0.0425987 -7.5942e-17 0 (dft)
15 1.93878e-07 4.46837e-22 0 0.00698132 0.0185837 4.28304e-17 0
15 1.99469e-07 -5.98058e-22 0 0.00698132 0.0191195 -5.73253e-17 0 (dft)
15 1.93878e-07 -1.66548e-23 0 0.00698132 0.0185837 -1.5964e-18 0
15 1.99469e-07 -7.94102e-22 0 0.00698132 0.0191195 -7.61166e-17 0 (dft)
15 1.93878e-07 -1.2833e-21 0 0.00698132 0.0185837 -1.23008e-16 0
15 1.99469e-07 -2.29287e-21 0 0.00698132 0.0191195 -2.19777e-16 0 (dft)
15 1.93878e-07 -6.73607e-22 0 0.00698132 0.0185837 -6.45669e-17 0
15 1.99469e-07 -7.31726e-22 0 0.00698132 0.0191195 -7.01377e-17 0 (dft)
15 1.93878e-07 -7.26687e-22 0 0.00698132 0.0185837 -6.96547e-17 0
15 1.99469e-07 -1.51706e-21 0 0.00698132 0.0191195 -1.45414e-16 0 (dft)
20 -1.24472e-08 1.04319e-21 0 0.00698132 -0.0011931 9.99924e-17 0
20 -1.14141e-08 1.09286e-21 0 0.00698132 -0.00109407 1.04753e-16 0 (dft)
20 -1.24472e-08 1.5399e-21 0 0.00698132 -0.0011931 1.47603e-16 0
20 -1.14141e-08 1.59135e-21 0 0.00698132 -0.00109407 1.52535e-16 0 (dft)
20 -1.24472e-08 7.05711e-22 0 0.00698132 -0.0011931 6.76441e-17 0
20 -1.14141e-08 2.40703e-22 0 0.00698132 -0.00109407 2.30719e-17 0 (dft)
20 -1.24472e-08 1.7453e-24 0 0.00698132 -0.0011931 1.67291e-19 0
20 -1.14141e-08 2.70579e-22 0 0.00698132 -0.00109407 2.59357e-17 0 (dft)
20 -1.24472e-08 3.14579e-22 0 0.00698132 -0.0011931 3.01532e-17 0
20 -1.14141e-08 1.4011e-21 0 0.00698132 -0.00109407 1.34299e-16 0 (dft)
25 4.2379e-08 -5.75652e-19 0 0.00698132 0.00406213 -5.51776e-14 0
25 4.2486e-08 -5.68001e-19 0 0.00698132 0.00407239 -5.44443e-14 0 (dft)
25 4.2379e-08 -1.69549e-22 0 0.00698132 0.00406213 -1.62516e-17 0
25 4.2486e-08 -1.73614e-22 0 0.00698132 0.00407239 -1.66413e-17 0 (dft)
25 4.2379e-08 -2.51436e-22 0 0.00698132 0.00406213 -2.41008e-17 0
25 4.2486e-08 -1.72992e-21 0 0.00698132 0.00407239 -1.65817e-16 0 (dft)
25 4.2379e-08 2.58179e-22 0 0.00698132 0.00406213 2.47471e-17 0
25 4.2486e-08 -1.10021e-21 0 0.00698132 0.00407239 -1.05458e-16 0 (dft)
25 4.2379e-08 6.279e-22 0 0.00698132 0.00406213 6.01858e-17 0
25 4.2486e-08 -4.82899e-22 0 0.00698132 0.00407239 -4.6287e-17 0 (dft)
30 4.2379e-08 -4.74164e-17 0 0.00698132 0.00406213 -4.54498e-12 0
30 4.2486e-08 -4.69809e-17 0 0.00698132 0.00407239 -4.50324e-12 0 (dft)
30 4.2379e-08 7.6729e-22 0 0.00698132 0.00406213 7.35467e-17 0
30 4.2486e-08 -2.67737e-22 0 0.00698132 0.00407239 -2.56633e-17 0 (dft)
30 4.2379e-08 4.39276e-22 0 0.00698132 0.00406213 4.21057e-17 0
30 4.2486e-08 -8.23895e-22 0 0.00698132 0.00407239 -7.89724e-17 0 (dft)
30 4.2379e-08 3.49828e-22 0 0.00698132 0.00406213 3.35319e-17 0
30 4.2486e-08 1.94671e-22 0 0.00698132 0.00407239 1.86596e-17 0 (dft)
30 4.2379e-08 -5.98313e-23 0 0.00698132 0.00406213 -5.73498e-18 0
30 4.2486e-08 -1.1209e-21 0 0.00698132 0.00407239 -1.07441e-16 0 (dft)
35 2.58856e-08 2.3177e-16 0 0.00698132 0.0024812 2.22157e-11 0
35 2.6011e-08 2.32227e-16 0 0.00698132 0.00249322 2.22595e-11 0 (dft)
35 2.58858e-08 -2.09227e-22 0 0.00698132 0.00248122 -2.00549e-17 0
35 2.60112e-08 3.6519e-22 0 0.00698132 0.00249324 3.50044e-17 0 (dft)
35 2.58858e-08 -7.68426e-22 0 0.00698132 0.00248122 -7.36555e-17 0
35 2.60112e-08 -1.73435e-22 0 0.00698132 0.00249324 -1.66241e-17 0 (dft)
35 2.58858e-08 -5.98888e-22 0 0.00698132 0.00248122 -5.74049e-17 0
35 2.60112e-08 -6.43387e-22 0 0.00698132 0.00249324 -6.16702e-17 0 (dft)
35 2.58858e-08 2.1131e-22 0 0.00698132 0.00248122 2.02546e-17 0
35 2.60112e-08 7.6519e-22 0 0.00698132 0.00249324 7.33453e-17 0 (dft)
40 3.06349e-08 -2.12445e-15 0 0.00698132 0.00293643 -2.03634e-10 0
40 3.05829e-08 -2.08664e-15 0 0.00698132 0.00293145 -2.0001e-10 0 (dft)
40 3.06366e-08 1.57675e-21 0 0.00698132 0.0029366 1.51135e-16 0
40 3.05846e-08 -9.2854e-23 0 0.00698132 0.00293161 -8.90028e-18 0 (dft)
40 3.06366e-08 -3.26668e-22 0 0.00698132 0.0029366 -3.13119e-17 0
40 3.05846e-08 -2.01628e-21 0 0.00698132 0.00293161 -1.93265e-16 0 (dft)
40 3.06366e-08 -7.42172e-23 0 0.00698132 0.0029366 -7.1139e-18 0
40 3.05846e-08 -1.754e-21 0 0.00698132 0.00293161 -1.68125e-16 0 (dft)
40 3.06366e-08 1.02441e-21 0 0.00698132 0.0029366 9.81921e-17 0
40 3.05846e-08 -1.37315e-21 0 0.00698132 0.00293161 -1.3162e-16 0 (dft)
45 2.77567e-08 5.49631e-15 0 0.00698132 0.00266055 5.26834e-10 0
45 2.77071e-08 5.4946e-15 0 0.00698132 0.00265579 5.2667e-10 0 (dft)
45 2.77639e-08 9.53358e-21 0 0.00698132 0.00266124 9.13817e-16 0
45 2.77143e-08 8.5783e-21 0 0.00698132 0.00265649 8.22251e-16 0 (dft)
45 2.77639e-08 5.45013e-22 0 0.00698132 0.00266124 5.22409e-17 0
45 2.77143e-08 -9.02358e-22 0 0.00698132 0.00265649 -8.64932e-17 0 (dft)
45 2.77639e-08 -7.83225e-22 0 0.00698132 0.00266124 -7.50741e-17 0
45 2.77143e-08 -2.25424e-21 0 0.00698132 0.00265649 -2.16074e-16 0 (dft)
45 2.77639e-08 2.01661e-22 0 0.00698132 0.00266124 1.93297e-17 0
45 2.77143e-08 -9.89536e-22 0 0.00698132 0.00265649 -9.48494e-17 0 (dft)
50 3.52505e-08 4.13803e-14 0 0.00698132 0.00337884 3.96641e-09 0
50 3.45836e-08 4.13159e-14 0 0.00698132 0.00331492 3.96023e-09 0 (dft)
50 3.52718e-08 1.08234e-19 0 0.00698132 0.00338088 1.03745e-14 0
50 3.46048e-08 1.09585e-19 0 0.00698132 0.00331695 1.05039e-14 0 (dft)
50 3.52718e-08 9.79891e-22 0 0.00698132 0.00338088 9.3925e-17 0
50 3.46048e-08 1.98771e-21 0 0.00698132 0.00331695 1.90527e-16 0 (dft)
50 3.52718e-08 9.33201e-23 0 0.00698132 0.00338088 8.94496e-18 0
50 3.46048e-08 1.28393e-21 0 0.00698132 0.00331695 1.23068e-16 0 (dft)
50 3.52718e-08 -1.20454e-23 0 0.00698132 0.00338088 -1.15458e-18 0
50 3.46048e-08 9.49126e-22 0 0.00698132 0.00331695 9.09761e-17 0 (dft)
55 2.77369e-08 4.70068e-14 0 0.00698132 0.00265865 4.50572e-09 0
55 2.84174e-08 4.94356e-14 0 0.00698132 0.00272387 4.73852e-09 0 (dft)
55 2.77837e-08 -1.78046e-18 0 0.00698132 0.00266314 -1.70661e-13 0
55 2.84643e-08 -1.6951e-18 0 0.00698132 0.00272838 -1.6248e-13 0 (dft)
55 2.77837e-08 -7.39122e-22 0 0.00698132 0.00266314 -7.08466e-17 0
55 2.84643e-08 -3.21409e-21 0 0.00698132 0.00272838 -3.08078e-16 0 (dft)
55 2.77837e-08 -3.05531e-22 0 0.00698132 0.00266314 -2.92859e-17 0
55 2.84643e-08 -2.66604e-21 0 0.00698132 0.00272838 -2.55546e-16 0 (dft)
55 2.77837e-08 -4.56718e-22 0 0.00698132 0.00266314 -4.37775e-17 0
55 2.84643e-08 -2.87428e-21 0 0.00698132 0.00272838 -2.75507e-16 0 (dft)
60 2.37349e-08 -1.19946e-12 0 0.00698132 0.00227505 -1.14971e-07 0
60 2.35219e-08 -1.19673e-12 0 0.00698132 0.00225463 -1.14709e-07 0 (dft)
60 2.38599e-08 -1.78941e-17 0 0.00698132 0.00228703 -1.71519e-12 0
60 2.36464e-08 -1.7682e-17 0 0.00698132 0.00226657 -1.69487e-12 0 (dft)
60 2.38599e-08 3.68891e-22 0 0.00698132 0.00228703 3.53591e-17 0
60 2.36464e-08 -2.74704e-21 0 0.00698132 0.00226657 -2.6331e-16 0 (dft)
60 2.38599e-08 -1.89866e-22 0 0.00698132 0.00228703 -1.81991e-17 0
60 2.36464e-08 -3.2208e-21 0 0.00698132 0.00226657 -3.08721e-16 0 (dft)
60 2.38599e-08 4.49711e-23 0 0.00698132 0.00228703 4.31059e-18 0
60 2.36464e-08 -3.02009e-21 0 0.00698132 0.00226657 -2.89483e-16 0 (dft)
65 2.35982e-08 -3.37642e-12 0 0.00698132 0.00226195 -3.23638e-07 0
65 2.33857e-08 -3.37005e-12 0 0.00698132 0.00224158 -3.23028e-07 0 (dft)
65 2.38598e-08 -1.25153e-16 0 0.00698132 0.00228702 -1.19962e-11 0
65 2.36464e-08 -1.24139e-16 0 0.00698132 0.00226656 -1.1899e-11 0 (dft)
65 2.38599e-08 -1.63809e-21 0 0.00698132 0.00228703 -1.57015e-16 0
65 2.36464e-08 -4.53144e-21 0 0.00698132 0.00226657 -4.34349e-16 0 (dft)
65 2.38599e-08 2.23909e-22 0 0.00698132 0.00228703 2.14622e-17 0
65 2.36464e-08 -3.09699e-21 0 0.00698132 0.00226657 -2.96854e-16 0 (dft)
65 2.38599e-08 7.35287e-22 0 0.00698132 0.00228703 7.04791e-17 0
65 2.36464e-08 -2.42201e-21 0 0.00698132 0.00226657 -2.32155e-16 0 (dft)
70 2.98163e-08 8.58708e-12 0 0.00698132 0.00285796 8.23092e-07 0
70 2.98448e-08 8.58618e-12 0 0.00698132 0.0028607 8.23007e-07 0 (dft)
70 3.0451e-08 1.59527e-15 0 0.00698132 0.0029188 1.5291e-10 0
70 3.04795e-08 1.5951e-15 0 0.00698132 0.00292153 1.52895e-10 0 (dft)
70 3.04512e-08 3.1664e-19 0 0.00698132 0.00291883 3.03507e-14 0
70 3.04797e-08 3.19033e-19 0 0.00698132 0.00292156 3.05801e-14 0 (dft)
70 3.04512e-08 3.8388e-22 0 0.00698132 0.00291883 3.67958e-17 0
70 3.04797e-08 2.76012e-21 0 0.00698132 0.00292156 2.64565e-16 0 (dft)
70 3.04512e-08 -1.07591e-22 0 0.00698132 0.00291883 -1.03129e-17 0
70 3.04797e-08 2.23424e-21 0 0.00698132 0.00292156 2.14157e-16 0 (dft)
75 2.94005e-08 1.58377e-11 0 0.00698132 0.00281811 1.51809e-06 0
75 2.94291e-08 1.5836e-11 0 0.00698132 0.00282085 1.51792e-06 0 (dft)
75 3.04504e-08 5.19245e-15 0 0.00698132 0.00291875 4.97709e-10 0
75 3.04789e-08 5.19191e-15 0 0.00698132 0.00292148 4.97657e-10 0 (dft)
75 3.04512e-08 1.81225e-18 0 0.00698132 0.00291883 1.73708e-13 0
75 3.04797e-08 1.81433e-18 0 0.00698132 0.00292156 1.73908e-13 0 (dft)
75 3.04512e-08 8.92273e-22 0 0.00698132 0.00291883 8.55266e-17 0
75 3.04797e-08 3.2546e-21 0 0.00698132 0.00292156 3.11961e-16 0 (dft)
75 3.04512e-08 8.5105e-23 0 0.00698132 0.00291883 8.15752e-18 0
75 3.04797e-08 2.3207e-21 0 0.00698132 0.00292156 2.22444e-16 0 (dft)
80 2.56526e-08 -1.43902e-11 0 0.00698132 0.00245886 -1.37933e-06 0
80 2.59251e-08 -1.43843e-11 0 0.00698132 0.00248499 -1.37877e-06 0 (dft)
80 2.68019e-08 -2.17111e-15 0 0.00698132 0.00256902 -2.08106e-10 0
80 2.70768e-08 -2.16859e-15 0 0.00698132 0.00259538 -2.07865e-10 0 (dft)
80 2.68034e-08 3.61005e-20 0 0.00698132 0.00256917 3.46032e-15 0
80 2.70783e-08 3.53813e-20 0 0.00698132 0.00259552 3.39139e-15 0 (dft)
80 2.68034e-08 3.20349e-22 0 0.00698132 0.00256917 3.07063e-17 0
80 2.70783e-08 -1.84224e-21 0 0.00698132 0.00259553 -1.76583e-16 0 (dft)
80 2.68034e-08 3.10087e-22 0 0.00698132 0.00256917 2.97226e-17 0
80 2.70783e-08 -2.03655e-21 0 0.00698132 0.00259553 -1.95209e-16 0 (dft)
85 2.59298e-08 -2.41112e-11 0 0.00698132 0.00248543 -2.31112e-06 0
85 2.64769e-08 -2.41016e-11 0 0.00698132 0.00253788 -2.31019e-06 0 (dft)
85 2.75077e-08 -2.21742e-14 0 0.00698132 0.00263668 -2.12545e-09 0
85 2.8062e-08 -2.2156e-14 0 0.00698132 0.00268981 -2.1237e-09 0 (dft)
85 2.75111e-08 -1.96538e-17 0 0.00698132 0.00263701 -1.88387e-12 0
85 2.80654e-08 -1.9631e-17 0 0.00698132 0.00269014 -1.88168e-12 0 (dft)
85 2.75111e-08 -1.77586e-20 0 0.00698132 0.00263701 -1.7022e-15 0
85 2.80654e-08 -1.94335e-20 0 0.00698132 0.00269014 -1.86275e-15 0 (dft)
85 2.75111e-08 3.19154e-22 0 0.00698132 0.00263701 3.05917e-17 0
85 2.80654e-08 -1.44624e-21 0 0.00698132 0.00269014 -1.38626e-16 0 (dft)
90 2.15567e-08 5.08101e-11 0 0.00698132 0.00206626 4.87027e-06 0
90 2.13675e-08 5.07602e-11 0 0.00698132 0.00204813 4.86549e-06 0 (dft)
90 2.34325e-08 3.01357e-14 0 0.00698132 0.00224607 2.88858e-09 0
90 2.32322e-08 3.00868e-14 0 0.00698132 0.00222687 2.88389e-09 0 (dft)
90 2.34396e-08 2.61015e-17 0 0.00698132 0.00224674 2.50189e-12 0
90 2.32393e-08 2.60242e-17 0 0.00698132 0.00222754 2.49449e-12 0 (dft)
90 2.34396e-08 2.12684e-20 0 0.00698132 0.00224674 2.03863e-15 0
90 2.32393e-08 1.99336e-20 0 0.00698132 0.00222754 1.91068e-15 0 (dft)
90 2.34396e-08 -3.83737e-22 0 0.00698132 0.00224674 -3.67821e-17 0
90 2.32393e-08 -1.62284e-21 0 0.00698132 0.00222754 -1.55553e-16 0 (dft)
95 2.10369e-08 8.07827e-11 0 0.00698132 0.00201644 7.74322e-06 0
95 2.08524e-08 8.07042e-11 0 0.00698132 0.00199876 7.7357e-06 0 (dft)
95 2.3426e-08 6.76729e-14 0 0.00698132 0.00224544 6.48661e-09 0
95 2.32257e-08 6.75706e-14 0 0.00698132 0.00222624 6.47681e-09 0 (dft)
95 2.34396e-08 8.36688e-17 0 0.00698132 0.00224674 8.01986e-12 0
95 2.32392e-08 8.34483e-17 0 0.00698132 0.00222754 7.99872e-12 0 (dft)
95 2.34396e-08 1.04872e-19 0 0.00698132 0.00224674 1.00522e-14 0
95 2.32393e-08 1.02895e-19 0 0.00698132 0.00222754 9.86277e-15 0 (dft)
95 2.34396e-08 8.48703e-22 0 0.00698132 0.00224674 8.13502e-17 0
95 2.32393e-08 -6.68721e-22 0 0.00698132 0.00222754 -6.40986e-17 0 (dft)
100 2.38571e-08 -5.31915e-12 0 0.00698132 0.00228676 -5.09853e-07 0
100 2.38355e-08 -5.39244e-12 0 0.00698132 0.00228469 -5.16879e-07 0 (dft)
100 2.72505e-08 -7.0652e-14 0 0.00698132 0.00261203 -6.77216e-09 0
100 2.72234e-08 -7.09388e-14 0 0.00698132 0.00260943 -6.79966e-09 0 (dft)
100 2.72758e-08 -1.4612e-16 0 0.00698132 0.00261445 -1.4006e-11 0
100 2.72487e-08 -1.47037e-16 0 0.00698132 0.00261186 -1.40938e-11 0 (dft)
100 2.72759e-08 -4.41124e-19 0 0.00698132 0.00261446 -4.22828e-14 0
100 2.72488e-08 -4.43982e-19 0 0.00698132 0.00261187 -4.25568e-14 0 (dft)
100 2.72759e-08 -1.50291e-21 0 0.00698132 0.00261446 -1.44058e-16 0
100 2.72488e-08 -1.44956e-21 0 0.00698132 0.00261187 -1.38944e-16 0 (dft)
105 2.31202e-08 2.49942e-12 0 0.00698132 0.00221612 2.39575e-07 0
105 2.31003e-08 2.4065e-12 0 0.00698132 0.00221422 2.30669e-07 0 (dft)
105 2.72325e-08 -1.33871e-13 0 0.00698132 0.0026103 -1.28318e-08 0
105 2.72055e-08 -1.34376e-13 0 0.00698132 0.00260771 -1.28803e-08 0 (dft)
105 2.72757e-08 -3.56311e-16 0 0.00698132 0.00261444 -3.41533e-11 0
105 2.72486e-08 -3.58434e-16 0 0.00698132 0.00261184 -3.43568e-11 0 (dft)
105 2.72759e-08 -1.34647e-18 0 0.00698132 0.00261446 -1.29062e-13 0
105 2.72488e-08 -1.35519e-18 0 0.00698132 0.00261187 -1.29899e-13 0 (dft)
105 2.72759e-08 -6.20902e-21 0 0.00698132 0.00261446 -5.9515e-16 0
105 2.72488e-08 -6.13978e-21 0 0.00698132 0.00261187 -5.88513e-16 0 (dft)
110 2.23825e-08 1.84923e-11 0 0.00698132 0.00214542 1.77253e-06 0
110 2.23647e-08 1.83776e-11 0 0.00698132 0.00214371 1.76154e-06 0 (dft)
110 2.72058e-08 -2.37484e-13 0 0.00698132 0.00260775 -2.27634e-08 0
110 2.71788e-08 -2.38329e-13 0 0.00698132 0.00260515 -2.28445e-08 0 (dft)
110 2.72754e-08 -8.06594e-16 0 0.00698132 0.00261441 -7.7314e-11 0
110 2.72483e-08 -8.11152e-16 0 0.00698132 0.00261182 -7.77509e-11 0 (dft)
110 2.72759e-08 -3.72242e-18 0 0.00698132 0.00261446 -3.56803e-13 0
110 2.72488e-08 -3.74681e-18 0 0.00698132 0.00261187 -3.5914e-13 0 (dft)
110 2.72759e-08 -2.11546e-20 0 0.00698132 0.00261446 -2.02772e-15 0
110 2.72488e-08 -2.10986e-20 0 0.00698132 0.00261187 -2.02235e-15 0 (dft)
115 2.16801e-08 4.62767e-11 0 0.00698132 0.00207809 4.43573e-06 0
115 2.16644e-08 4.61414e-11 0 0.00698132 0.00207659 4.42277e-06 0 (dft)
115 2.71682e-08 -3.97548e-13 0 0.00698132 0.00260413 -3.81059e-08 0
115 2.71412e-08 -3.98896e-13 0 0.00698132 0.00260155 -3.82352e-08 0 (dft)
115 2.72749e-08 -1.71021e-15 0 0.00698132 0.00261437 -1.63928e-10 0
115 2.72478e-08 -1.71936e-15 0 0.00698132 0.00261177 -1.64805e-10 0 (dft)
115 2.72759e-08 -9.46817e-18 0 0.00698132 0.00261446 -9.07547e-13 0
115 2.72488e-08 -9.5297e-18 0 0.00698132 0.00261187 -9.13445e-13 0 (dft)
115 2.72759e-08 -6.60627e-20 0 0.00698132 0.00261446 -6.33227e-15 0
115 2.72488e-08 -6.64129e-20 0 0.00698132 0.00261187 -6.36583e-15 0 (dft)
120 2.10465e-08 8.99619e-11 0 0.00698132 0.00201736 8.62306e-06 0
120 2.10331e-08 8.98114e-11 0 0.00698132 0.00201608 8.60864e-06 0 (dft)
120 2.7117e-08 -6.33434e-13 0 0.00698132 0.00259923 -6.07162e-08 0
120 2.70901e-08 -6.35505e-13 0 0.00698132 0.00259665 -6.09147e-08 0 (dft)
120 2.72741e-08 -3.42821e-15 0 0.00698132 0.00261429 -3.28602e-10 0
120 2.7247e-08 -3.44555e-15 0 0.00698132 0.00261169 -3.30265e-10 0 (dft)
120 2.72759e-08 -2.24529e-17 0 0.00698132 0.00261446 -2.15216e-12 0
120 2.72488e-08 -2.25965e-17 0 0.00698132 0.00261186 -2.16593e-12 0 (dft)
120 2.72759e-08 -1.87454e-19 0 0.00698132 0.00261446 -1.79679e-14 0
120 2.72488e-08 -1.88543e-19 0 0.00698132 0.00261187 -1.80723e-14 0 (dft)
125 2.05119e-08 1.54115e-10 0 0.00698132 0.00196611 1.47723e-05 0
125 2.0501e-08 1.53949e-10 0 0.00698132 0.00196507 1.47564e-05 0 (dft)
125 2.70499e-08 -9.67141e-13 0 0.00698132 0.00259279 -9.27028e-08 0
125 2.7023e-08 -9.70211e-13 0 0.00698132 0.00259022 -9.29971e-08 0 (dft)
125 2.72727e-08 -6.54244e-15 0 0.00698132 0.00261416 -6.27109e-10 0
125 2.72457e-08 -6.57372e-15 0 0.00698132 0.00261156 -6.30107e-10 0 (dft)
125 2.72759e-08 -5.01507e-17 0 0.00698132 0.00261446 -4.80706e-12 0
125 2.72488e-08 -5.04643e-17 0 0.00698132 0.00261186 -4.83713e-12 0 (dft)
125 2.72759e-08 -4.93463e-19 0 0.00698132 0.00261446 -4.72996e-14 0
125 2.72488e-08 -4.96536e-19 0 0.00698132 0.00261187 -4.75941e-14 0 (dft)
130 2.01063e-08 2.4372e-10 0 0.00698132 0.00192724 2.33612e-05 0
130 2.0098e-08 2.4354e-10 0 0.00698132 0.00192644 2.33439e-05 0 (dft)
130 2.6964e-08 -1.42046e-12 0 0.00698132 0.00258456 -1.36155e-07 0
130 2.69372e-08 -1.42488e-12 0 0.00698132 0.00258199 -1.36578e-07 0 (dft)
130 2.72706e-08 -1.1935e-14 0 0.00698132 0.00261395 -1.14399e-09 0
130 2.72435e-08 -1.19889e-14 0 0.00698132 0.00261136 -1.14916e-09 0 (dft)
130 2.72758e-08 -1.06136e-16 0 0.00698132 0.00261445 -1.01734e-11 0
130 2.72487e-08 -1.06781e-16 0 0.00698132 0.00261186 -1.02352e-11 0 (dft)
130 2.72759e-08 -1.20688e-18 0 0.00698132 0.00261446 -1.15683e-13 0
130 2.72488e-08 -1.21451e-18 0 0.00698132 0.00261187 -1.16414e-13 0 (dft)
135 2.21506e-08 5.91353e-10 0 0.00698132 0.00212319 5.66827e-05 0
135 2.22002e-08 5.91752e-10 0 0.00698132 0.00212794 5.67209e-05 0 (dft)
135 2.4041e-08 7.34418e-12 0 0.00698132 0.00230439 7.03958e-07 0
135 2.41059e-08 7.34954e-12 0 0.00698132 0.00231061 7.04471e-07 0 (dft)
135 2.43554e-08 7.64833e-14 0 0.00698132 0.00233453 7.33111e-09 0
135 2.44206e-08 7.65692e-14 0 0.00698132 0.00234078 7.33934e-09 0 (dft)
135 2.43622e-08 7.7178e-16 0 0.00698132 0.00233518 7.3977e-11 0
135 2.44274e-08 7.73053e-16 0 0.00698132 0.00234143 7.4099e-11 0 (dft)
135 2.43623e-08 7.83215e-18 0 0.00698132 0.00233519 7.50731e-13 0
135 2.44276e-08 7.85021e-18 0 0.00698132 0.00234144 7.52462e-13 0 (dft)
140 1.15099e-08 4.47199e-09 0 0.00698132 0.00110325 0.000428651 0
140 1.1425e-08 4.47113e-09 0 0.00698132 0.00109512 0.000428569 0 (dft)
140 2.35138e-08 3.2593e-11 0 0.00698132 0.00225386 3.12412e-06 0
140 2.34076e-08 3.25845e-11 0 0.00698132 0.00224367 3.12331e-06 0 (dft)
140 2.41394e-08 3.02253e-13 0 0.00698132 0.00231382 2.89717e-08 0
140 2.40327e-08 3.02158e-13 0 0.00698132 0.00230359 2.89625e-08 0 (dft)
140 2.41539e-08 3.18108e-15 0 0.00698132 0.00231521 3.04914e-10 0
140 2.40473e-08 3.17986e-15 0 0.00698132 0.00230499 3.04797e-10 0 (dft)
140 2.41542e-08 3.63863e-17 0 0.00698132 0.00231524 3.48772e-12 0
140 2.40476e-08 3.63684e-17 0 0.00698132 0.00230502 3.486e-12 0 (dft)
145 1.07415e-08 5.45733e-09 0 0.00698132 0.0010296 0.000523098 0
145 1.06592e-08 5.45631e-09 0 0.00698132 0.00102171 0.000523 0 (dft)
145 2.33278e-08 4.62519e-11 0 0.00698132 0.00223603 4.43336e-06 0
145 2.32217e-08 4.62401e-11 0 0.00698132 0.00222586 4.43223e-06 0 (dft)
145 2.41318e-08 4.9773e-13 0 0.00698132 0.00231309 4.77087e-08 0
145 2.40251e-08 4.97577e-13 0 0.00698132 0.00230286 4.7694e-08 0 (dft)
145 2.41537e-08 6.06275e-15 0 0.00698132 0.00231519 5.81129e-10 0
145 2.40471e-08 6.0605e-15 0 0.00698132 0.00230497 5.80914e-10 0 (dft)
145 2.41542e-08 8.01677e-17 0 0.00698132 0.00231524 7.68427e-12 0
145 2.40475e-08 8.01308e-17 0 0.00698132 0.00230502 7.68073e-12 0 (dft)
150 1.00988e-08 6.57755e-09 0 0.00698132 0.000967999 0.000630474 0
150 1.00192e-08 6.57635e-09 0 0.00698132 0.000960367 0.000630359 0 (dft)
150 2.31087e-08 6.41703e-11 0 0.00698132 0.00221503 6.15088e-06 0
150 2.30028e-08 6.41542e-11 0 0.00698132 0.00220487 6.14933e-06 0 (dft)
150 2.41212e-08 7.93589e-13 0 0.00698132 0.00231208 7.60674e-08 0
150 2.40146e-08 7.9335e-13 0 0.00698132 0.00230186 7.60445e-08 0 (dft)
150 2.41534e-08 1.10806e-14 0 0.00698132 0.00231516 1.0621e-09 0
150 2.40467e-08 1.10766e-14 0 0.00698132 0.00230494 1.06172e-09 0 (dft)
150 2.41542e-08 1.6774e-16 0 0.00698132 0.00231524 1.60783e-11 0
150 2.40475e-08 1.67667e-16 0 0.00698132 0.00230502 1.60713e-11 0 (dft)
155 9.59118e-09 7.83662e-09 0 0.00698132 0.000919338 0.000751159 0
155 9.51413e-09 7.83522e-09 0 0.00698132 0.000911952 0.000751025 0 (dft)
155 2.28553e-08 8.72009e-11 0 0.00698132 0.00219074 8.35841e-06 0
155 2.27496e-08 8.71793e-11 0 0.00698132 0.0021806 8.35634e-06 0 (dft)
155 2.41071e-08 1.22844e-12 0 0.00698132 0.00231072 1.17749e-07 0
155 2.40004e-08 1.22808e-12 0 0.00698132 0.0023005 1.17714e-07 0 (dft)
155 2.41528e-08 1.94916e-14 0 0.00698132 0.00231511 1.86832e-09 0
155 2.40462e-08 1.94848e-14 0 0.00698132 0.00230488 1.86767e-09 0 (dft)
155 2.41542e-08 3.34863e-16 0 0.00698132 0.00231524 3.20975e-11 0
155 2.40475e-08 3.34723e-16 0 0.00698132 0.00230501 3.2084e-11 0 (dft)
160 2.32626e-08 9.38868e-10 0 0.00698132 0.00222978 8.99927e-05 0
160 2.32739e-08 9.3861e-10 0 0.00698132 0.00223086 8.99681e-05 0 (dft)
160 2.381e-08 2.63814e-11 0 0.00698132 0.00228225 2.52872e-06 0
160 2.37815e-08 2.63829e-11 0 0.00698132 0.00227952 2.52887e-06 0 (dft)
160 2.56839e-08 6.12195e-13 0 0.00698132 0.00246187 5.86804e-08 0
160 2.56537e-08 6.123e-13 0 0.00698132 0.00245897 5.86904e-08 0 (dft)
160 2.57688e-08 1.37427e-14 0 0.00698132 0.00247 1.31727e-09 0
160 2.57385e-08 1.37461e-14 0 0.00698132 0.0024671 1.3176e-09 0 (dft)
160 2.57717e-08 3.1483e-16 0 0.00698132 0.00247028 3.01772e-11 0
160 2.57414e-08 3.14929e-16 0 0.00698132 0.00246737 3.01867e-11 0 (dft)
165 2.57587e-08 1.08431e-09 0 0.00698132 0.00246904 0.000103933 0
165 2.57734e-08 1.084e-09 0 0.00698132 0.00247044 0.000103904 0 (dft)
165 2.34357e-08 3.34352e-11 0 0.00698132 0.00224637 3.20485e-06 0
165 2.34077e-08 3.34367e-11 0 0.00698132 0.00224368 3.20499e-06 0 (dft)
165 2.56523e-08 8.76397e-13 0 0.00698132 0.00245884 8.40048e-08 0
165 2.56221e-08 8.76538e-13 0 0.00698132 0.00245594 8.40183e-08 0 (dft)
165 2.57672e-08 2.20562e-14 0 0.00698132 0.00246985 2.11414e-09 0
165 2.57369e-08 2.20614e-14 0 0.00698132 0.00246694 2.11464e-09 0 (dft)
165 2.57716e-08 5.64167e-16 0 0.00698132 0.00247027 5.40768e-11 0
165 2.57413e-08 5.64339e-16 0 0.00698132 0.00246737 5.40933e-11 0 (dft)
170 2.86688e-08 1.25151e-09 0 0.00698132 0.00274798 0.00011996 0
170 2.86867e-08 1.25114e-09 0 0.00698132 0.00274969 0.000119925 0 (dft)
170 2.30298e-08 4.17306e-11 0 0.00698132 0.00220746 3.99998e-06 0
170 2.30023e-08 4.1732e-11 0 0.00698132 0.00220483 4.00012e-06 0 (dft)
170 2.56126e-08 1.22792e-12 0 0.00698132 0.00245503 1.17699e-07 0
170 2.55823e-08 1.22811e-12 0 0.00698132 0.00245213 1.17717e-07 0 (dft)
170 2.5765e-08 3.44338e-14 0 0.00698132 0.00246964 3.30057e-09 0
170 2.57347e-08 3.44416e-14 0 0.00698132 0.00246673 3.30132e-09 0 (dft)
170 2.57715e-08 9.7756e-16 0 0.00698132 0.00247026 9.37015e-11 0
170 2.57412e-08 9.77847e-16 0 0.00698132 0.00246736 9.3729e-11 0 (dft)
175 7.17921e-08 4.84009e-09 0 0.00698132 0.00688144 0.000463934 0
175 7.17973e-08 4.84001e-09 0 0.00698132 0.00688194 0.000463926 0 (dft)
175 2.40221e-08 3.30114e-11 0 0.00698132 0.00230258 3.16422e-06 0
175 2.40267e-08 3.30116e-11 0 0.00698132 0.00230301 3.16424e-06 0 (dft)
175 2.46966e-08 6.22285e-14 0 0.00698132 0.00236722 5.96475e-09 0
175 2.47012e-08 6.22326e-14 0 0.00698132 0.00236767 5.96515e-09 0 (dft)
175 2.47903e-08 -4.2069e-15 0 0.00698132 0.00237621 -4.03241e-10 0
175 2.47949e-08 -4.20682e-15 0 0.00698132 0.00237665 -4.03234e-10 0 (dft)
175 2.47953e-08 -1.39643e-16 0 0.00698132 0.00237669 -1.33851e-11 0
175 2.48e-08 -1.39644e-16 0 0.00698132 0.00237714 -1.33852e-11 0 (dft)
180 -1.68228e-08 4.26764e-10 0 0.00698132 -0.00161251 4.09064e-05 0
180 -1.68211e-08 4.2702e-10 0 0.00698132 -0.00161234 4.09309e-05 0 (dft)
180 2.35805e-08 -1.82693e-11 0 0.00698132 0.00226025 -1.75115e-06 0
180 2.35821e-08 -1.82669e-11 0 0.00698132 0.0022604 -1.75093e-06 0 (dft)
180 2.60128e-08 -5.55382e-13 0 0.00698132 0.00249339 -5.32347e-08 0
180 2.60143e-08 -5.55312e-13 0 0.00698132 0.00249353 -5.3228e-08 0 (dft)
180 2.615e-08 -2.0528e-14 0 0.00698132 0.00250654 -1.96765e-09 0
180 2.61516e-08 -2.05253e-14 0 0.00698132 0.00250669 -1.9674e-09 0 (dft)
180 2.61568e-08 -8.51061e-16 0 0.00698132 0.00250719 -8.15763e-11 0
180 2.61583e-08 -8.5095e-16 0 0.00698132 0.00250733 -8.15656e-11 0 (dft)
185 -2.07155e-08 6.11558e-10 0 0.00698132 -0.00198563 5.86193e-05 0
185 -2.07137e-08 6.11865e-10 0 0.00698132 -0.00198546 5.86487e-05 0 (dft)
185 2.3139e-08 -2.23123e-11 0 0.00698132 0.00221793 -2.13869e-06 0
185 2.31406e-08 -2.23094e-11 0 0.00698132 0.00221808 -2.13841e-06 0 (dft)
185 2.59725e-08 -7.39145e-13 0 0.00698132 0.00248953 -7.08489e-08 0
185 2.5974e-08 -7.39053e-13 0 0.00698132 0.00248967 -7.084e-08 0 (dft)
185 2.61472e-08 -2.93576e-14 0 0.00698132 0.00250627 -2.81399e-09 0
185 2.61487e-08 -2.93538e-14 0 0.00698132 0.00250642 -2.81363e-09 0 (dft)
185 2.61566e-08 -1.31477e-15 0 0.00698132 0.00250717 -1.26024e-10 0
185 2.61581e-08 -1.3146e-15 0 0.00698132 0.00250732 -1.26008e-10 0 (dft)
190 1.39551e-08 -6.49643e-09 0 0.00698132 0.00133763 -0.000622699 0
190 1.39692e-08 -6.49587e-09 0 0.00698132 0.00133898 -0.000622645 0 (dft)
190 2.26311e-08 -1.55822e-10 0 0.00698132 0.00216924 -1.49359e-05 0
190 2.26379e-08 -1.55799e-10 0 0.00698132 0.0021699 -1.49337e-05 0 (dft)
190 2.56319e-08 -4.48565e-12 0 0.00698132 0.00245688 -4.2996e-07 0
190 2.56385e-08 -4.48471e-12 0 0.00698132 0.00245751 -4.2987e-07 0 (dft)
190 2.58871e-08 -1.44321e-13 0 0.00698132 0.00248134 -1.38335e-08 0
190 2.58936e-08 -1.44284e-13 0 0.00698132 0.00248197 -1.383e-08 0 (dft)
190 2.59034e-08 -4.96819e-15 0 0.00698132 0.00248291 -4.76213e-10 0
190 2.591e-08 -4.96672e-15 0 0.00698132 0.00248353 -4.76072e-10 0 (dft)
195 1.47324e-08 -7.243e-09 0 0.00698132 0.00141213 -0.000694259 0
195 1.47474e-08 -7.24238e-09 0 0.00698132 0.00141357 -0.0006942 0 (dft)
195 2.22216e-08 -1.89581e-10 0 0.00698132 0.00212999 -1.81718e-05 0
195 2.22285e-08 -1.89553e-10 0 0.00698132 0.00213066 -1.81691e-05 0 (dft)
195 2.55686e-08 -5.9248e-12 0 0.00698132 0.00245081 -5.67907e-07 0
195 2.55751e-08 -5.92359e-12 0 0.00698132 0.00245144 -5.6779e-07 0 (dft)
195 2.58811e-08 -2.06556e-13 0 0.00698132 0.00248077 -1.97989e-08 0
195 2.58877e-08 -2.06505e-13 0 0.00698132 0.0024814 -1.9794e-08 0 (dft)
195 2.5903e-08 -7.69977e-15 0 0.00698132 0.00248286 -7.38042e-10 0
195 2.59095e-08 -7.69754e-15 0 0.00698132 0.00248349 -7.37828e-10 0 (dft)
200 1.57141e-08 -8.03317e-09 0 0.00698132 0.00150623 -0.000769999 0
200 1.57301e-08 -8.03249e-09 0 0.00698132 0.00150777 -0.000769933 0 (dft)
200 2.17938e-08 -2.2848e-10 0 0.00698132 0.00208899 -2.19004e-05 0
200 2.18008e-08 -2.28448e-10 0 0.00698132 0.00208966 -2.18973e-05 0 (dft)
200 2.54955e-08 -7.72229e-12 0 0.00698132 0.00244381 -7.402e-07 0
200 2.5502e-08 -7.72073e-12 0 0.00698132 0.00244443 -7.40051e-07 0 (dft)
200 2.58737e-08 -2.90579e-13 0 0.00698132 0.00248005 -2.78527e-08 0
200 2.58802e-08 -2.90508e-13 0 0.00698132 0.00248068 -2.78459e-08 0 (dft)
200 2.59024e-08 -1.16848e-14 0 0.00698132 0.0024828 -1.12001e-09 0
200 2.59089e-08 -1.16815e-14 0 0.00698132 0.00248343 -1.1197e-09 0 (dft)
205 1.69085e-08 -8.86653e-09 0 0.00698132 0.00162072 -0.000849878 0
205 1.69257e-08 -8.86578e-09 0 0.00698132 0.00162237 -0.000849806 0 (dft)
205 2.13505e-08 -2.72951e-10 0 0.00698132 0.0020465 -2.6163e-05 0
205 2.13576e-08 -2.72913e-10 0 0.00698132 0.00204717 -2.61594e-05 0 (dft)
205 2.5412e-08 -9.94113e-12 0 0.00698132 0.0024358 -9.52881e-07 0
205 2.54186e-08 -9.93916e-12 0 0.00698132 0.00243643 -9.52693e-07 0 (dft)
205 2.58644e-08 -4.02272e-13 0 0.00698132 0.00247916 -3.85588e-08 0
205 2.58709e-08 -4.02175e-13 0 0.00698132 0.00247979 -3.85495e-08 0 (dft)
205 2.59015e-08 -1.73879e-14 0 0.00698132 0.00248273 -1.66667e-09 0
205 2.59081e-08 -1.73831e-14 0 0.00698132 0.00248335 -1.66621e-09 0 (dft)
210 1.83204e-08 -9.74213e-09 0 0.00698132 0.00175606 -0.000933807 0
210 1.8339e-08 -9.74131e-09 0 0.00698132 0.00175784 -0.000933729 0 (dft)
210 2.08939e-08 -3.2343e-10 0 0.00698132 0.00200273 -3.10015e-05 0
210 2.0901e-08 -3.23386e-10 0 0.00698132 0.00200341 -3.09973e-05 0 (dft)
210 2.53176e-08 -1.26517e-11 0 0.00698132 0.00242675 -1.2127e-06 0
210 2.53241e-08 -1.26492e-11 0 0.00698132 0.00242738 -1.21246e-06 0 (dft)
210 2.58529e-08 -5.48695e-13 0 0.00698132 0.00247807 -5.25938e-08 0
210 2.58595e-08 -5.48566e-13 0 0.00698132 0.00247869 -5.25814e-08 0 (dft)
210 2.59004e-08 -2.54087e-14 0 0.00698132 0.00248262 -2.43549e-09 0
210 2.5907e-08 -2.54018e-14 0 0.00698132 0.00248325 -2.43482e-09 0 (dft)
215 3.02219e-08 -1.23929e-08 0 0.00698132 0.00289685 -0.00118789 0
215 3.02496e-08 -1.23922e-08 0 0.00698132 0.0028995 -0.00118782 0 (dft)
215 1.9018e-08 -3.07907e-10 0 0.00698132 0.00182292 -2.95136e-05 0
215 1.90135e-08 -3.07894e-10 0 0.00698132 0.00182249 -2.95124e-05 0 (dft)
215 2.41999e-08 -8.99225e-12 0 0.00698132 0.00231962 -8.61929e-07 0
215 2.41932e-08 -8.99225e-12 0 0.00698132 0.00231898 -8.61929e-07 0 (dft)
215 2.48398e-08 -2.5018e-13 0 0.00698132 0.00238096 -2.39803e-08 0
215 2.4833e-08 -2.50217e-13 0 0.00698132 0.00238031 -2.39839e-08 0 (dft)
215 2.48971e-08 -3.46034e-15 0 0.00698132 0.00238645 -3.31682e-10 0
215 2.48903e-08 -3.46443e-15 0 0.00698132 0.00238579 -3.32074e-10 0 (dft)
220 3.36227e-08 -1.35936e-08 0 0.00698132 0.00322282 -0.00130298 0
220 3.36538e-08 -1.35928e-08 0 0.00698132 0.0032258 -0.0013029 0 (dft)
220 1.85027e-08 -3.66092e-10 0 0.00698132 0.00177353 -3.50908e-05 0
220 1.84985e-08 -3.66076e-10 0 0.00698132 0.00177313 -3.50893e-05 0 (dft)
220 2.40763e-08 -1.1527e-11 0 0.00698132 0.00230778 -1.10489e-06 0
220 2.40697e-08 -1.1527e-11 0 0.00698132 0.00230714 -1.10489e-06 0 (dft)
220 2.48237e-08 -3.53954e-13 0 0.00698132 0.00237941 -3.39273e-08 0
220 2.48169e-08 -3.53997e-13 0 0.00698132 0.00237876 -3.39315e-08 0 (dft)
220 2.48954e-08 -6.43954e-15 0 0.00698132 0.00238629 -6.17245e-10 0
220 2.48886e-08 -6.44491e-15 0 0.00698132 0.00238563 -6.1776e-10 0 (dft)
225 2.49855e-08 -2.61268e-09 0 0.00698132 0.00239492 -0.000250431 0
225 2.5005e-08 -2.61164e-09 0 0.00698132 0.00239679 -0.000250332 0 (dft)
225 2.1515e-08 3.99801e-11 0 0.00698132 0.00206227 3.83219e-06 0
225 2.15287e-08 3.99891e-11 0 0.00698132 0.00206357 3.83305e-06 0 (dft)
225 2.46306e-08 3.61265e-12 0 0.00698132 0.0023609 3.46281e-07 0
225 2.4644e-08 3.61072e-12 0 0.00698132 0.00236219 3.46096e-07 0 (dft)
225 2.5202e-08 2.3291e-13 0 0.00698132 0.00241568 2.2325e-08 0
225 2.52155e-08 2.32697e-13 0 0.00698132 0.00241696 2.23046e-08 0 (dft)
225 2.52673e-08 1.53771e-14 0 0.00698132 0.00242194 1.47394e-09 0
225 2.52808e-08 1.5359e-14 0 0.00698132 0.00242322 1.4722e-09 0 (dft)
230 2.59459e-08 -3.09051e-09 0 0.00698132 0.00248698 -0.000296233 0
230 2.59662e-08 -3.08946e-09 0 0.00698132 0.00248892 -0.000296132 0 (dft)
230 2.12947e-08 4.28747e-11 0 0.00698132 0.00204115 4.10964e-06 0
230 2.13084e-08 4.28882e-11 0 0.00698132 0.00204246 4.11093e-06 0 (dft)
230 2.45377e-08 4.33435e-12 0 0.00698132 0.002352 4.15458e-07 0
230 2.45511e-08 4.33216e-12 0 0.00698132 0.00235329 4.15248e-07 0 (dft)
230 2.51859e-08 2.97292e-13 0 0.00698132 0.00241413 2.84962e-08 0
230 2.51993e-08 2.97029e-13 0 0.00698132 0.00241542 2.8471e-08 0 (dft)
230 2.52653e-08 2.07187e-14 0 0.00698132 0.00242174 1.98594e-09 0
230 2.52787e-08 2.06948e-14 0 0.00698132 0.00242303 1.98365e-09 0 (dft)
235 2.70046e-08 -3.62651e-09 0 0.00698132 0.00258845 -0.00034761 0
235 2.70256e-08 -3.62546e-09 0 0.00698132 0.00259047 -0.000347509 0 (dft)
235 2.10839e-08 4.54296e-11 0 0.00698132 0.00202094 4.35454e-06 0
235 2.10976e-08 4.54486e-11 0 0.00698132 0.00202225 4.35636e-06 0 (dft)
235 2.44377e-08 5.15518e-12 0 0.00698132 0.00234241 4.94137e-07 0
235 2.44511e-08 5.15275e-12 0 0.00698132 0.0023437 4.93903e-07 0 (dft)
235 2.51672e-08 3.7565e-13 0 0.00698132 0.00241234 3.60069e-08 0
235 2.51806e-08 3.75328e-13 0 0.00698132 0.00241362 3.59761e-08 0 (dft)
235 2.52627e-08 2.75797e-14 0 0.00698132 0.00242149 2.64358e-09 0
235 2.52762e-08 2.75485e-14 0 0.00698132 0.00242278 2.64059e-09 0 (dft)
240 2.81681e-08 -4.22445e-09 0 0.00698132 0.00269998 -0.000404924 0
240 2.819e-08 -4.22342e-09 0 0.00698132 0.00270208 -0.000404825 0 (dft)
240 2.08838e-08 4.75669e-11 0 0.00698132 0.00200177 4.5594e-06 0
240 2.08976e-08 4.75923e-11 0 0.00698132 0.00200308 4.56184e-06 0 (dft)
240 2.43306e-08 6.08321e-12 0 0.00698132 0.00233215 5.8309e-07 0
240 2.4344e-08 6.08052e-12 0 0.00698132 0.00233343 5.82832e-07 0 (dft)
240 2.51458e-08 4.70316e-13 0 0.00698132 0.00241028 4.50809e-08 0
240 2.51592e-08 4.69927e-13 0 0.00698132 0.00241157 4.50436e-08 0 (dft)
240 2.52596e-08 3.63096e-14 0 0.00698132 0.0024212 3.48037e-09 0
240 2.5273e-08 3.62695e-14 0 0.00698132 0.00242248 3.47652e-09 0 (dft)
245 2.94437e-08 -4.88792e-09 0 0.00698132 0.00282225 -0.000468519 0
245 2.94666e-08 -4.88693e-09 0 0.00698132 0.00282445 -0.000468424 0 (dft)
245 2.06963e-08 4.91427e-11 0 0.00698132 0.00198379 4.71045e-06 0
245 2.07101e-08 4.91758e-11 0 0.00698132 0.00198511 4.71362e-06 0 (dft)
245 2.42169e-08 7.12202e-12 0 0.00698132 0.00232125 6.82663e-07 0
245 2.42303e-08 7.1191e-12 0 0.00698132 0.00232253 6.82383e-07 0 (dft)
245 2.51214e-08 5.8358e-13 0 0.00698132 0.00240794 5.59376e-08 0
245 2.51348e-08 5.83113e-13 0 0.00698132 0.00240923 5.58928e-08 0 (dft)
245 2.52559e-08 4.72961e-14 0 0.00698132 0.00242083 4.53345e-09 0
245 2.52693e-08 4.7245e-14 0 0.00698132 0.00242212 4.52855e-09 0 (dft)
250 3.08396e-08 -5.62094e-09 0 0.00698132 0.00295605 -0.000538781 0
250 3.08635e-08 -5.62001e-09 0 0.00698132 0.00295834 -0.000538692 0 (dft)
250 2.05225e-08 5.00279e-11 0 0.00698132 0.00196713 4.7953e-06 0
250 2.05364e-08 5.00697e-11 0 0.00698132 0.00196846 4.7993e-06 0 (dft)
250 2.40967e-08 8.27711e-12 0 0.00698132 0.00230973 7.93381e-07 0
250 2.41101e-08 8.27396e-12 0 0.00698132 0.00231101 7.93079e-07 0 (dft)
250 2.50938e-08 7.18119e-13 0 0.00698132 0.0024053 6.88334e-08 0
250 2.51072e-08 7.17564e-13 0 0.00698132 0.00240659 6.87803e-08 0 (dft)
250 2.52513e-08 6.10022e-14 0 0.00698132 0.0024204 5.84721e-09 0
250 2.52648e-08 6.09377e-14 0 0.00698132 0.00242169 5.84103e-09 0 (dft)
255 3.23637e-08 -6.42689e-09 0 0.00698132 0.00310214 -0.000616033 0
255 3.23888e-08 -6.42605e-09 0 0.00698132 0.00310454 -0.000615953 0 (dft)
255 2.03638e-08 5.00648e-11 0 0.00698132 0.00195192 4.79883e-06 0
255 2.03777e-08 5.01166e-11 0 0.00698132 0.00195326 4.8038e-06 0 (dft)
255 2.39705e-08 9.55024e-12 0 0.00698132 0.00229763 9.15414e-07 0
255 2.39839e-08 9.5469e-12 0 0.00698132 0.00229892 9.15094e-07 0 (dft)
255 2.50629e-08 8.76601e-13 0 0.00698132 0.00240234 8.40244e-08 0
255 2.50763e-08 8.75948e-13 0 0.00698132 0.00240363 8.39617e-08 0 (dft)
255 2.5246e-08 7.79397e-14 0 0.00698132 0.00241989 7.47071e-09 0
255 2.52594e-08 7.78592e-14 0 0.00698132 0.00242118 7.463e-09 0 (dft)
260 2.40407e-08 1.12829e-08 0 0.00698132 0.00230436 0.00108149 0
260 2.40617e-08 1.12802e-08 0 0.00698132 0.00230637 0.00108124 0 (dft)
260 2.25115e-08 7.61525e-10 0 0.00698132 0.00215778 7.2994e-05 0
260 2.25294e-08 7.61424e-10 0 0.00698132 0.0021595 7.29844e-05 0 (dft)
260 2.38732e-08 4.90846e-11 0 0.00698132 0.0022883 4.70488e-06 0
260 2.38934e-08 4.90786e-11 0 0.00698132 0.00229024 4.70431e-06 0 (dft)
260 2.48591e-08 3.47075e-12 0 0.00698132 0.0023828 3.32679e-07 0
260 2.48797e-08 3.47038e-12 0 0.00698132 0.00238478 3.32645e-07 0 (dft)
260 2.50488e-08 2.74728e-13 0 0.00698132 0.00240099 2.63333e-08 0
260 2.50694e-08 2.74704e-13 0 0.00698132 0.00240297 2.63311e-08 0 (dft)
265 2.25531e-08 1.19213e-08 0 0.00698132 0.00216177 0.00114269 0
265 2.2575e-08 1.19183e-08 0 0.00698132 0.00216387 0.0011424 0 (dft)
265 2.26219e-08 8.49952e-10 0 0.00698132 0.00216836 8.147e-05 0
265 2.26397e-08 8.4984e-10 0 0.00698132 0.00217007 8.14592e-05 0 (dft)
265 2.37696e-08 5.7556e-11 0 0.00698132 0.00227837 5.51688e-06 0
265 2.37897e-08 5.75489e-11 0 0.00698132 0.0022803 5.51621e-06 0 (dft)
265 2.48254e-08 4.24689e-12 0 0.00698132 0.00237958 4.07075e-07 0
265 2.4846e-08 4.24644e-12 0 0.00698132 0.00238155 4.07032e-07 0 (dft)
265 2.50421e-08 3.4951e-13 0 0.00698132 0.00240035 3.35013e-08 0
265 2.50628e-08 3.49479e-13 0 0.00698132 0.00240233 3.34984e-08 0 (dft)
270 2.08791e-08 1.25727e-08 0 0.00698132 0.00200131 0.00120512 0
270 2.09019e-08 1.25694e-08 0 0.00698132 0.0020035 0.00120481 0 (dft)
270 2.2759e-08 9.44775e-10 0 0.00698132 0.00218151 9.0559e-05 0
270 2.27767e-08 9.4465e-10 0 0.00698132 0.0021832 9.0547e-05 0 (dft)
270 2.3665e-08 6.71152e-11 0 0.00698132 0.00226834 6.43316e-06 0
270 2.3685e-08 6.7107e-11 0 0.00698132 0.00227027 6.43237e-06 0 (dft)
270 2.47886e-08 5.16136e-12 0 0.00698132 0.00237604 4.94729e-07 0
270 2.48091e-08 5.16081e-12 0 0.00698132 0.00237801 4.94676e-07 0 (dft)
270 2.50344e-08 4.41079e-13 0 0.00698132 0.00239961 4.22785e-08 0
270 2.50551e-08 4.4104e-13 0 0.00698132 0.00240159 4.22747e-08 0 (dft)
275 1.90183e-08 1.32356e-08 0 0.00698132 0.00182295 0.00126866 0
275 1.90421e-08 1.3232e-08 0 0.00698132 0.00182523 0.00126832 0 (dft)
275 2.29224e-08 1.04603e-09 0 0.00698132 0.00219717 0.000100265 0
275 2.29399e-08 1.04589e-09 0 0.00698132 0.00219884 0.000100251 0 (dft)
275 2.35601e-08 7.78452e-11 0 0.00698132 0.00225829 7.46166e-06 0
275 2.35801e-08 7.78356e-11 0 0.00698132 0.00226021 7.46073e-06 0 (dft)
275 2.47485e-08 6.232e-12 0 0.00698132 0.0023722 5.97353e-07 0
275 2.4769e-08 6.23133e-12 0 0.00698132 0.00237417 5.97288e-07 0 (dft)
275 2.50256e-08 5.52377e-13 0 0.00698132 0.00239876 5.29467e-08 0
275 2.50462e-08 5.52327e-13 0 0.00698132 0.00240074 5.29419e-08 0 (dft)
280 -6.17965e-08 3.67777e-08 0 0.00698132 -0.00592334 0.00352523 0
280 -6.18046e-08 3.67755e-08 0 0.00698132 -0.00592412 0.00352502 0 (dft)
280 9.46133e-09 1.63497e-09 0 0.00698132 0.000906892 0.000156715 0
280 9.45178e-09 1.63495e-09 0 0.00698132 0.000905976 0.000156714 0 (dft)
280 2.17675e-08 4.69283e-11 0 0.00698132 0.00208647 4.49819e-06 0
280 2.1755e-08 4.69297e-11 0 0.00698132 0.00208527 4.49833e-06 0 (dft)
280 2.44092e-08 -6.95893e-13 0 0.00698132 0.00233968 -6.6703e-08 0
280 2.43961e-08 -6.95636e-13 0 0.00698132 0.00233843 -6.66784e-08 0 (dft)
280 2.48913e-08 -3.93042e-13 0 0.00698132 0.00238589 -3.7674e-08 0
280 2.48782e-08 -3.93008e-13 0 0.00698132 0.00238463 -3.76708e-08 0 (dft)
285 -6.50798e-08 3.86063e-08 0 0.00698132 -0.00623806 0.00370051 0
285 -6.50884e-08 3.8604e-08 0 0.00698132 -0.00623888 0.00370029 0 (dft)
285 8.56047e-09 1.85081e-09 0 0.00698132 0.000820542 0.000177404 0
285 8.55112e-09 1.85079e-09 0 0.00698132 0.000819645 0.000177402 0 (dft)
285 2.14695e-08 5.79042e-11 0 0.00698132 0.0020579 5.55026e-06 0
285 2.1457e-08 5.79057e-11 0 0.00698132 0.00205671 5.5504e-06 0 (dft)
285 2.43311e-08 -4.83575e-13 0 0.00698132 0.0023322 -4.63518e-08 0
285 2.43181e-08 -4.83279e-13 0 0.00698132 0.00233095 -4.63234e-08 0 (dft)
285 2.48747e-08 -4.52927e-13 0 0.00698132 0.0023843 -4.34141e-08 0
285 2.48616e-08 -4.52886e-13 0 0.00698132 0.00238305 -4.34102e-08 0 (dft)
290 -6.83667e-08 4.04164e-08 0 0.00698132 -0.00655312 0.00387401 0
290 -6.83756e-08 4.04139e-08 0 0.00698132 -0.00655397 0.00387377 0 (dft)
290 7.6375e-09 2.08557e-09 0 0.00698132 0.000732073 0.000199907 0
290 7.62834e-09 2.08555e-09 0 0.00698132 0.000731195 0.000199905 0 (dft)
290 2.11572e-08 7.07134e-11 0 0.00698132 0.00202797 6.77805e-06 0
290 2.11448e-08 7.0715e-11 0 0.00698132 0.00202678 6.7782e-06 0 (dft)
290 2.42462e-08 -1.69513e-13 0 0.00698132 0.00232405 -1.62482e-08 0
290 2.42331e-08 -1.69174e-13 0 0.00698132 0.00232281 -1.62158e-08 0 (dft)
290 2.4856e-08 -5.16348e-13 0 0.00698132 0.00238251 -4.94932e-08 0
290 2.48429e-08 -5.16299e-13 0 0.00698132 0.00238125 -4.94885e-08 0 (dft)
295 -7.16543e-08 4.2201e-08 0 0.00698132 -0.00686824 0.00404506 0
295 -7.16636e-08 4.21982e-08 0 0.00698132 -0.00686913 0.0040448 0 (dft)
295 6.69228e-09 2.33991e-09 0 0.00698132 0.000641472 0.000224286 0
295 6.68331e-09 2.33988e-09 0 0.00698132 0.000640611 0.000224283 0 (dft)
295 2.0831e-08 8.55541e-11 0 0.00698132 0.0019967 8.20057e-06 0
295 2.08187e-08 8.55558e-11 0 0.00698132 0.00199552 8.20073e-06 0 (dft)
295 2.4154e-08 2.68465e-13 0 0.00698132 0.00231522 2.5733e-08 0
295 2.4141e-08 2.68849e-13 0 0.00698132 0.00231398 2.57699e-08 0 (dft)
295 2.48348e-08 -5.82238e-13 0 0.00698132 0.00238048 -5.58089e-08 0
295 2.48217e-08 -5.8218e-13 0 0.00698132 0.00237922 -5.58033e-08 0 (dft)
300 -7.49373e-08 4.39531e-08 0 0.00698132 -0.00718292 0.00421301 0
300 -7.4947e-08 4.39501e-08 0 0.00698132 -0.00718385 0.00421272 0 (dft)
300 5.72468e-09 2.61442e-09 0 0.00698132 0.000548725 0.000250598 0
300 5.71589e-09 2.61438e-09 0 0.00698132 0.000547882 0.000250595 0 (dft)
300 2.04909e-08 1.02635e-10 0 0.00698132 0.0019641 9.83778e-06 0
300 2.04787e-08 1.02636e-10 0 0.00698132 0.00196293 9.83794e-06 0 (dft)
300 2.40545e-08 8.55338e-13 0 0.00698132 0.00230568 8.19862e-08 0
300 2.40415e-08 8.55773e-13 0 0.00698132 0.00230444 8.20279e-08 0 (dft)
300 2.48111e-08 -6.49158e-13 0 0.00698132 0.00237821 -6.22234e-08 0
300 2.4798e-08 -6.4909e-13 0 0.00698132 0.00237695 -6.22168e-08 0 (dft)
