10 4.44419e-07 -4.85109e-22 0 0.00698132 0.0425987 -4.64988e-17 0 (dft)
10 4.44419e-07 -3.62322e-22 0 0.00698132 0.0425987 -3.47294e-17 0 (dft)
10 4.44419e-07 -2.17352e-21 0 0.00698132 0.0425987 -2.08337e-16 0 (dft)
10 4.44419e-07 -1.22136e-21 0 0.00698132 0.0425987 -1.17071e-16 0 (dft)
10 4.44419e-07 -7.9228e-22 0 0.00698132 0.0425987 -7.5942e-17 0 (dft)
15 1.99469e-07 -5.98058e-22 0 0.00698132 0.0191195 -5.73253e-17 0 (dft)
15 1.99469e-07 -7.94102e-22 0 0.00698132 0.0191195 -7.61166e-17 0 (dft)
15 1.99469e-07 -2.29287e-21 0 0.00698132 0.0191195 -2.19777e-16 0 (dft)
15 1.99469e-07 -7.31726e-22 0 0.00698132 0.0191195 -7.01377e-17 0 (dft)
15 1.99469e-07 -1.51706e-21 0 0.00698132 0.0191195 -1.45414e-16 0 (dft)
20 -1.14141e-08 1.09286e-21 0 0.00698132 -0.00109407 1.04753e-16 0 (dft)
20 -1.14141e-08 1.59135e-21 0 0.00698132 -0.00109407 1.52535e-16 0 (dft)
20 -1.14141e-08 2.40703e-22 0 0.00698132 -0.00109407 2.30719e-17 0 (dft)
20 -1.14141e-08 2.70579e-22 0 0.00698132 -0.00109407 2.59357e-17 0 (dft)
20 -1.14141e-08 1.4011e-21 0 0.00698132 -0.00109407 1.34299e-16 0 (dft)
25 4.2486e-08 -5.68001e-19 0 0.00698132 0.00407239 -5.44443e-14 0 (dft)
25 4.2486e-08 -1.73614e-22 0 0.00698132 0.00407239 -1.66413e-17 0 (dft)
25 4.2486e-08 -1.72992e-21 0 0.00698132 0.00407239 -1.65817e-16 0 (dft)
25 4.2486e-08 -1.10021e-21 0 0.00698132 0.00407239 -1.05458e-16 0 (dft)
25 4.2486e-08 -4.82899e-22 0 0.00698132 0.00407239 -4.6287e-17 0 (dft)
30 4.2486e-08 -4.69809e-17 0 0.00698132 0.00407239 -4.50324e-12 0 (dft)
30 4.2486e-08 -2.67737e-22 0 0.00698132 0.00407239 -2.56633e-17 0 (dft)
30 4.2486e-08 -8.23895e-22 0 0.00698132 0.00407239 -7.89724e-17 0 (dft)
30 4.2486e-08 1.94671e-22 0 0.00698132 0.00407239 1.86596e-17 0 (dft)
30 4.2486e-08 -1.1209e-21 0 0.00698132 0.00407239 -1.07441e-16 0 (dft)
35 2.6011e-08 2.32227e-16 0 0.00698132 0.00249322 2.22595e-11 0 (dft)
35 2.60112e-08 3.6519e-22 0 0.00698132 0.00249324 3.50044e-17 0 (dft)
35 2.60112e-08 -1.73435e-22 0 0.00698132 0.00249324 -1.66241e-17 0 (dft)
35 2.60112e-08 -6.43387e-22 0 0.00698132 0.00249324 -6.16702e-17 0 (dft)
35 2.60112e-08 7.6519e-22 0 0.00698132 0.00249324 7.33453e-17 0 (dft)
40 3.05829e-08 -2.08664e-15 0 0.00698132 0.00293145 -2.0001e-10 0 (dft)
40 3.05846e-08 -9.2854e-23 0 0.00698132 0.00293161 -8.90028e-18 0 (dft)
40 3.05846e-08 -2.01628e-21 0 0.00698132 0.00293161 -1.93265e-16 0 (dft)
40 3.05846e-08 -1.754e-21 0 0.00698132 0.00293161 -1.68125e-16 0 (dft)
40 3.05846e-08 -1.37315e-21 0 0.00698132 0.00293161 -1.3162e-16 0 (dft)
45 2.77071e-08 5.4946e-15 0 0.00698132 0.00265579 5.2667e-10 0 (dft)
45 2.77143e-08 8.5783e-21 0 0.00698132 0.00265649 8.22251e-16 0 (dft)
45 2.77143e-08 -9.02358e-22 0 0.00698132 0.00265649 -8.64932e-17 0 (dft)
45 2.77143e-08 -2.25424e-21 0 0.00698132 0.00265649 -2.16074e-16 0 (dft)
45 2.77143e-08 -9.89536e-22 0 0.00698132 0.00265649 -9.48494e-17 0 (dft)
50 3.45836e-08 4.13159e-14 0 0.00698132 0.00331492 3.96023e-09 0 (dft)
50 3.46048e-08 1.09585e-19 0 0.00698132 0.00331695 1.05039e-14 0 (dft)
50 3.46048e-08 1.98771e-21 0 0.00698132 0.00331695 1.90527e-16 0 (dft)
50 3.46048e-08 1.28393e-21 0 0.00698132 0.00331695 1.23068e-16 0 (dft)
50 3.46048e-08 9.49126e-22 0 0.00698132 0.00331695 9.09761e-17 0 (dft)
55 2.84174e-08 4.94356e-14 0 0.00698132 0.00272387 4.73852e-09 0 (dft)
55 2.84643e-08 -1.6951e-18 0 0.00698132 0.00272838 -1.6248e-13 0 (dft)
55 2.84643e-08 -3.21409e-21 0 0.00698132 0.00272838 -3.08078e-16 0 (dft)
55 2.84643e-08 -2.66604e-21 0 0.00698132 0.00272838 -2.55546e-16 0 (dft)
55 2.84643e-08 -2.87428e-21 0 0.00698132 0.00272838 -2.75507e-16 0 (dft)
60 2.35219e-08 -1.19673e-12 0 0.00698132 0.00225463 -1.14709e-07 0 (dft)
60 2.36464e-08 -1.7682e-17 0 0.00698132 0.00226657 -1.69487e-12 0 (dft)
60 2.36464e-08 -2.74704e-21 0 0.00698132 0.00226657 -2.6331e-16 0 (dft)
60 2.36464e-08 -3.2208e-21 0 0.00698132 0.00226657 -3.08721e-16 0 (dft)
60 2.36464e-08 -3.02009e-21 0 0.00698132 0.00226657 -2.89483e-16 0 (dft)
65 2.33857e-08 -3.37005e-12 0 0.00698132 0.00224158 -3.23028e-07 0 (dft)
65 2.36464e-08 -1.24139e-16 0 0.00698132 0.00226656 -1.1899e-11 0 (dft)
65 2.36464e-08 -4.53144e-21 0 0.00698132 0.00226657 -4.34349e-16 0 (dft)
65 2.36464e-08 -3.09699e-21 0 0.00698132 0.00226657 -2.96854e-16 0 (dft)
65 2.36464e-08 -2.42201e-21 0 0.00698132 0.00226657 -2.32155e-16 0 (dft)
70 2.98448e-08 8.58618e-12 0 0.00698132 0.0028607 8.23007e-07 0 (dft)
70 3.04795e-08 1.5951e-15 0 0.00698132 0.00292153 1.52895e-10 0 (dft)
70 3.04797e-08 3.19033e-19 0 0.00698132 0.00292156 3.05801e-14 0 (dft)
70 3.04797e-08 2.76012e-21 0 0.00698132 0.00292156 2.64565e-16 0 (dft)
70 3.04797e-08 2.23424e-21 0 0.00698132 0.00292156 2.14157e-16 0 (dft)
75 2.94291e-08 1.5836e-11 0 0.00698132 0.00282085 1.51792e-06 0 (dft)
75 3.04789e-08 5.19191e-15 0 0.00698132 0.00292148 4.97657e-10 0 (dft)
75 3.04797e-08 1.81433e-18 0 0.00698132 0.00292156 1.73908e-13 0 (dft)
75 3.04797e-08 3.2546e-21 0 0.00698132 0.00292156 3.11961e-16 0 (dft)
75 3.04797e-08 2.3207e-21 0 0.00698132 0.00292156 2.22444e-16 0 (dft)
80 2.59251e-08 -1.43843e-11 0 0.00698132 0.00248499 -1.37877e-06 0 (dft)
80 2.70768e-08 -2.16859e-15 0 0.00698132 0.00259538 -2.07865e-10 0 (dft)
80 2.70783e-08 3.53813e-20 0 0.00698132 0.00259552 3.39139e-15 0 (dft)
80 2.70783e-08 -1.84224e-21 0 0.00698132 0.00259553 -1.76583e-16 0 (dft)
80 2.70783e-08 -2.03655e-21 0 0.00698132 0.00259553 -1.95209e-16 0 (dft)
85 2.64769e-08 -2.41016e-11 0 0.00698132 0.00253788 -2.31019e-06 0 (dft)
85 2.8062e-08 -2.2156e-14 0 0.00698132 0.00268981 -2.1237e-09 0 (dft)
85 2.80654e-08 -1.9631e-17 0 0.00698132 0.00269014 -1.88168e-12 0 (dft)
85 2.80654e-08 -1.94335e-20 0 0.00698132 0.00269014 -1.86275e-15 0 (dft)
85 2.80654e-08 -1.44624e-21 0 0.00698132 0.00269014 -1.38626e-16 0 (dft)
90 2.13675e-08 5.07602e-11 0 0.00698132 0.00204813 4.86549e-06 0 (dft)
90 2.32322e-08 3.00868e-14 0 0.00698132 0.00222687 2.88389e-09 0 (dft)
90 2.32393e-08 2.60242e-17 0 0.00698132 0.00222754 2.49449e-12 0 (dft)
90 2.32393e-08 1.99336e-20 0 0.00698132 0.00222754 1.91068e-15 0 (dft)
90 2.32393e-08 -1.62284e-21 0 0.00698132 0.00222754 -1.55553e-16 0 (dft)
95 2.08524e-08 8.07042e-11 0 0.00698132 0.00199876 7.7357e-06 0 (dft)
95 2.32257e-08 6.75706e-14 0 0.00698132 0.00222624 6.47681e-09 0 (dft)
95 2.32392e-08 8.34483e-17 0 0.00698132 0.00222754 7.99872e-12 0 (dft)
95 2.32393e-08 1.02895e-19 0 0.00698132 0.00222754 9.86277e-15 0 (dft)
95 2.32393e-08 -6.68721e-22 0 0.00698132 0.00222754 -6.40986e-17 0 (dft)
100 2.38355e-08 -5.39244e-12 0 0.00698132 0.00228469 -5.16879e-07 0 (dft)
100 2.72234e-08 -7.09388e-14 0 0.00698132 0.00260943 -6.79966e-09 0 (dft)
100 2.72487e-08 -1.47037e-16 0 0.00698132 0.00261186 -1.40938e-11 0 (dft)
100 2.72488e-08 -4.43982e-19 0 0.00698132 0.00261187 -4.25568e-14 0 (dft)
100 2.72488e-08 -1.44956e-21 0 0.00698132 0.00261187 -1.38944e-16 0 (dft)
105 2.31003e-08 2.4065e-12 0 0.00698132 0.00221422 2.30669e-07 0 (dft)
105 2.72055e-08 -1.34376e-13 0 0.00698132 0.00260771 -1.28803e-08 0 (dft)
105 2.72486e-08 -3.58434e-16 0 0.00698132 0.00261184 -3.43568e-11 0 (dft)
105 2.72488e-08 -1.35519e-18 0 0.00698132 0.00261187 -1.29899e-13 0 (dft)
105 2.72488e-08 -6.13978e-21 0 0.00698132 0.00261187 -5.88513e-16 0 (dft)
110 2.23647e-08 1.83776e-11 0 0.00698132 0.00214371 1.76154e-06 0 (dft)
110 2.71788e-08 -2.38329e-13 0 0.00698132 0.00260515 -2.28445e-08 0 (dft)
110 2.72483e-08 -8.11152e-16 0 0.00698132 0.00261182 -7.77509e-11 0 (dft)
110 2.72488e-08 -3.74681e-18 0 0.00698132 0.00261187 -3.5914e-13 0 (dft)
110 2.72488e-08 -2.10986e-20 0 0.00698132 0.00261187 -2.02235e-15 0 (dft)
115 2.16644e-08 4.61414e-11 0 0.00698132 0.00207659 4.42277e-06 0 (dft)
115 2.71412e-08 -3.98896e-13 0 0.00698132 0.00260155 -3.82352e-08 0 (dft)
115 2.72478e-08 -1.71936e-15 0 0.00698132 0.00261177 -1.64805e-10 0 (dft)
115 2.72488e-08 -9.5297e-18 0 0.00698132 0.00261187 -9.13445e-13 0 (dft)
115 2.72488e-08 -6.64129e-20 0 0.00698132 0.00261187 -6.36583e-15 0 (dft)
120 2.10331e-08 8.98114e-11 0 0.00698132 0.00201608 8.60864e-06 0 (dft)
120 2.70901e-08 -6.35505e-13 0 0.00698132 0.00259665 -6.09147e-08 0 (dft)
120 2.7247e-08 -3.44555e-15 0 0.00698132 0.00261169 -3.30265e-10 0 (dft)
120 2.72488e-08 -2.25965e-17 0 0.00698132 0.00261186 -2.16593e-12 0 (dft)
120 2.72488e-08 -1.88543e-19 0 0.00698132 0.00261187 -1.80723e-14 0 (dft)
125 2.0501e-08 1.53949e-10 0 0.00698132 0.00196507 1.47564e-05 0 (dft)
125 2.7023e-08 -9.70211e-13 0 0.00698132 0.00259022 -9.29971e-08 0 (dft)
125 2.72457e-08 -6.57372e-15 0 0.00698132 0.00261156 -6.30107e-10 0 (dft)
125 2.72488e-08 -5.04643e-17 0 0.00698132 0.00261186 -4.83713e-12 0 (dft)
125 2.72488e-08 -4.96536e-19 0 0.00698132 0.00261187 -4.75941e-14 0 (dft)
130 2.0098e-08 2.4354e-10 0 0.00698132 0.00192644 2.33439e-05 0 (dft)
130 2.69372e-08 -1.42488e-12 0 0.00698132 0.00258199 -1.36578e-07 0 (dft)
130 2.72435e-08 -1.19889e-14 0 0.00698132 0.00261136 -1.14916e-09 0 (dft)
130 2.72487e-08 -1.06781e-16 0 0.00698132 0.00261186 -1.02352e-11 0 (dft)
130 2.72488e-08 -1.21451e-18 0 0.00698132 0.00261187 -1.16414e-13 0 (dft)
135 2.22002e-08 5.91752e-10 0 0.00698132 0.00212794 5.67209e-05 0 (dft)
135 2.41059e-08 7.34954e-12 0 0.00698132 0.00231061 7.04471e-07 0 (dft)
135 2.44206e-08 7.65692e-14 0 0.00698132 0.00234078 7.33934e-09 0 (dft)
135 2.44274e-08 7.73053e-16 0 0.00698132 0.00234143 7.4099e-11 0 (dft)
135 2.44276e-08 7.85021e-18 0 0.00698132 0.00234144 7.52462e-13 0 (dft)
140 1.1425e-08 4.47113e-09 0 0.00698132 0.00109512 0.000428569 0 (dft)
140 2.34076e-08 3.25845e-11 0 0.00698132 0.00224367 3.12331e-06 0 (dft)
140 2.40327e-08 3.02158e-13 0 0.00698132 0.00230359 2.89625e-08 0 (dft)
140 2.40473e-08 3.17986e-15 0 0.00698132 0.00230499 3.04797e-10 0 (dft)
140 2.40476e-08 3.63684e-17 0 0.00698132 0.00230502 3.486e-12 0 (dft)
145 1.06592e-08 5.45631e-09 0 0.00698132 0.00102171 0.000523 0 (dft)
145 2.32217e-08 4.62401e-11 0 0.00698132 0.00222586 4.43223e-06 0 (dft)
145 2.40251e-08 4.97577e-13 0 0.00698132 0.00230286 4.7694e-08 0 (dft)
145 2.40471e-08 6.0605e-15 0 0.00698132 0.00230497 5.80914e-10 0 (dft)
145 2.40475e-08 8.01308e-17 0 0.00698132 0.00230502 7.68073e-12 0 (dft)
150 1.00192e-08 6.57635e-09 0 0.00698132 0.000960367 0.000630359 0 (dft)
150 2.30028e-08 6.41542e-11 0 0.00698132 0.00220487 6.14933e-06 0 (dft)
150 2.40146e-08 7.9335e-13 0 0.00698132 0.00230186 7.60445e-08 0 (dft)
150 2.40467e-08 1.10766e-14 0 0.00698132 0.00230494 1.06172e-09 0 (dft)
150 2.40475e-08 1.67667e-16 0 0.00698132 0.00230502 1.60713e-11 0 (dft)
155 9.51413e-09 7.83522e-09 0 0.00698132 0.000911952 0.000751025 0 (dft)
155 2.27496e-08 8.71793e-11 0 0.00698132 0.0021806 8.35634e-06 0 (dft)
155 2.40004e-08 1.22808e-12 0 0.00698132 0.0023005 1.17714e-07 0 (dft)
155 2.40462e-08 1.94848e-14 0 0.00698132 0.00230488 1.86767e-09 0 (dft)
155 2.40475e-08 3.34723e-16 0 0.00698132 0.00230501 3.2084e-11 0 (dft)
160 2.32739e-08 9.3861e-10 0 0.00698132 0.00223086 8.99681e-05 0 (dft)
160 2.37815e-08 2.63829e-11 0 0.00698132 0.00227952 2.52887e-06 0 (dft)
160 2.56537e-08 6.123e-13 0 0.00698132 0.00245897 5.86904e-08 0 (dft)
160 2.57385e-08 1.37461e-14 0 0.00698132 0.0024671 1.3176e-09 0 (dft)
160 2.57414e-08 3.14929e-16 0 0.00698132 0.00246737 3.01867e-11 0 (dft)
165 2.57734e-08 1.084e-09 0 0.00698132 0.00247044 0.000103904 0 (dft)
165 2.34077e-08 3.34367e-11 0 0.00698132 0.00224368 3.20499e-06 0 (dft)
165 2.56221e-08 8.76538e-13 0 0.00698132 0.00245594 8.40183e-08 0 (dft)
165 2.57369e-08 2.20614e-14 0 0.00698132 0.00246694 2.11464e-09 0 (dft)
165 2.57413e-08 5.64339e-16 0 0.00698132 0.00246737 5.40933e-11 0 (dft)
170 2.86867e-08 1.25114e-09 0 0.00698132 0.00274969 0.000119925 0 (dft)
170 2.30023e-08 4.1732e-11 0 0.00698132 0.00220483 4.00012e-06 0 (dft)
170 2.55823e-08 1.22811e-12 0 0.00698132 0.00245213 1.17717e-07 0 (dft)
170 2.57347e-08 3.44416e-14 0 0.00698132 0.00246673 3.30132e-09 0 (dft)
170 2.57412e-08 9.77847e-16 0 0.00698132 0.00246736 9.3729e-11 0 (dft)
175 7.17973e-08 4.84001e-09 0 0.00698132 0.00688194 0.000463926 0 (dft)
175 2.40267e-08 3.30116e-11 0 0.00698132 0.00230301 3.16424e-06 0 (dft)
175 2.47012e-08 6.22326e-14 0 0.00698132 0.00236767 5.96515e-09 0 (dft)
175 2.47949e-08 -4.20682e-15 0 0.00698132 0.00237665 -4.03234e-10 0 (dft)
175 2.48e-08 -1.39644e-16 0 0.00698132 0.00237714 -1.33852e-11 0 (dft)
180 -1.68211e-08 4.2702e-10 0 0.00698132 -0.00161234 4.09309e-05 0 (dft)
180 2.35821e-08 -1.82669e-11 0 0.00698132 0.0022604 -1.75093e-06 0 (dft)
180 2.60143e-08 -5.55312e-13 0 0.00698132 0.00249353 -5.3228e-08 0 (dft)
180 2.61516e-08 -2.05253e-14 0 0.00698132 0.00250669 -1.9674e-09 0 (dft)
180 2.61583e-08 -8.5095e-16 0 0.00698132 0.00250733 -8.15656e-11 0 (dft)
185 -2.07137e-08 6.11865e-10 0 0.00698132 -0.00198546 5.86487e-05 0 (dft)
185 2.31406e-08 -2.23094e-11 0 0.00698132 0.00221808 -2.13841e-06 0 (dft)
185 2.5974e-08 -7.39053e-13 0 0.00698132 0.00248967 -7.084e-08 0 (dft)
185 2.61487e-08 -2.93538e-14 0 0.00698132 0.00250642 -2.81363e-09 0 (dft)
185 2.61581e-08 -1.3146e-15 0 0.00698132 0.00250732 -1.26008e-10 0 (dft)
190 1.39692e-08 -6.49587e-09 0 0.00698132 0.00133898 -0.000622645 0 (dft)
190 2.26379e-08 -1.55799e-10 0 0.00698132 0.0021699 -1.49337e-05 0 (dft)
190 2.56385e-08 -4.48471e-12 0 0.00698132 0.00245751 -4.2987e-07 0 (dft)
190 2.58936e-08 -1.44284e-13 0 0.00698132 0.00248197 -1.383e-08 0 (dft)
190 2.591e-08 -4.96672e-15 0 0.00698132 0.00248353 -4.76072e-10 0 (dft)
195 1.47474e-08 -7.24238e-09 0 0.00698132 0.00141357 -0.0006942 0 (dft)
195 2.22285e-08 -1.89553e-10 0 0.00698132 0.00213066 -1.81691e-05 0 (dft)
195 2.55751e-08 -5.92359e-12 0 0.00698132 0.00245144 -5.6779e-07 0 (dft)
195 2.58877e-08 -2.06505e-13 0 0.00698132 0.0024814 -1.9794e-08 0 (dft)
195 2.59095e-08 -7.69754e-15 0 0.00698132 0.00248349 -7.37828e-10 0 (dft)
200 1.57301e-08 -8.03249e-09 0 0.00698132 0.00150777 -0.000769933 0 (dft)
200 2.18008e-08 -2.28448e-10 0 0.00698132 0.00208966 -2.18973e-05 0 (dft)
200 2.5502e-08 -7.72073e-12 0 0.00698132 0.00244443 -7.40051e-07 0 (dft)
200 2.58802e-08 -2.90508e-13 0 0.00698132 0.00248068 -2.78459e-08 0 (dft)
200 2.59089e-08 -1.16815e-14 0 0.00698132 0.00248343 -1.1197e-09 0 (dft)
205 1.69257e-08 -8.86578e-09 0 0.00698132 0.00162237 -0.000849806 0 (dft)
205 2.13576e-08 -2.72913e-10 0 0.00698132 0.00204717 -2.61594e-05 0 (dft)
205 2.54186e-08 -9.93916e-12 0 0.00698132 0.00243643 -9.52693e-07 0 (dft)
205 2.58709e-08 -4.02175e-13 0 0.00698132 0.00247979 -3.85495e-08 0 (dft)
205 2.59081e-08 -1.73831e-14 0 0.00698132 0.00248335 -1.66621e-09 0 (dft)
210 1.8339e-08 -9.74131e-09 0 0.00698132 0.00175784 -0.000933729 0 (dft)
210 2.0901e-08 -3.23386e-10 0 0.00698132 0.00200341 -3.09973e-05 0 (dft)
210 2.53241e-08 -1.26492e-11 0 0.00698132 0.00242738 -1.21246e-06 0 (dft)
210 2.58595e-08 -5.48566e-13 0 0.00698132 0.00247869 -5.25814e-08 0 (dft)
210 2.5907e-08 -2.54018e-14 0 0.00698132 0.00248325 -2.43482e-09 0 (dft)
215 3.02496e-08 -1.23922e-08 0 0.00698132 0.0028995 -0.00118782 0 (dft)
215 1.90135e-08 -3.07894e-10 0 0.00698132 0.00182249 -2.95124e-05 0 (dft)
215 2.41932e-08 -8.99225e-12 0 0.00698132 0.00231898 -8.61929e-07 0 (dft)
215 2.4833e-08 -2.50217e-13 0 0.00698132 0.00238031 -2.39839e-08 0 (dft)
215 2.48903e-08 -3.46443e-15 0 0.00698132 0.00238579 -3.32074e-10 0 (dft)
220 3.36538e-08 -1.35928e-08 0 0.00698132 0.0032258 -0.0013029 0 (dft)
220 1.84985e-08 -3.66076e-10 0 0.00698132 0.00177313 -3.50893e-05 0 (dft)
220 2.40697e-08 -1.1527e-11 0 0.00698132 0.00230714 -1.10489e-06 0 (dft)
220 2.48169e-08 -3.53997e-13 0 0.00698132 0.00237876 -3.39315e-08 0 (dft)
220 2.48886e-08 -6.44491e-15 0 0.00698132 0.00238563 -6.1776e-10 0 (dft)
225 2.5005e-08 -2.61164e-09 0 0.00698132 0.00239679 -0.000250332 0 (dft)
225 2.15287e-08 3.99891e-11 0 0.00698132 0.00206357 3.83305e-06 0 (dft)
225 2.4644e-08 3.61072e-12 0 0.00698132 0.00236219 3.46096e-07 0 (dft)
225 2.52155e-08 2.32697e-13 0 0.00698132 0.00241696 2.23046e-08 0 (dft)
225 2.52808e-08 1.5359e-14 0 0.00698132 0.00242322 1.4722e-09 0 (dft)
230 2.59662e-08 -3.08946e-09 0 0.00698132 0.00248892 -0.000296132 0 (dft)
230 2.13084e-08 4.28882e-11 0 0.00698132 0.00204246 4.11093e-06 0 (dft)
230 2.45511e-08 4.33216e-12 0 0.00698132 0.00235329 4.15248e-07 0 (dft)
230 2.51993e-08 2.97029e-13 0 0.00698132 0.00241542 2.8471e-08 0 (dft)
230 2.52787e-08 2.06948e-14 0 0.00698132 0.00242303 1.98365e-09 0 (dft)
235 2.70256e-08 -3.62546e-09 0 0.00698132 0.00259047 -0.000347509 0 (dft)
235 2.10976e-08 4.54486e-11 0 0.00698132 0.00202225 4.35636e-06 0 (dft)
235 2.44511e-08 5.15275e-12 0 0.00698132 0.0023437 4.93903e-07 0 (dft)
235 2.51806e-08 3.75328e-13 0 0.00698132 0.00241362 3.59761e-08 0 (dft)
235 2.52762e-08 2.75485e-14 0 0.00698132 0.00242278 2.64059e-09 0 (dft)
240 2.819e-08 -4.22342e-09 0 0.00698132 0.00270208 -0.000404825 0 (dft)
240 2.08976e-08 4.75923e-11 0 0.00698132 0.00200308 4.56184e-06 0 (dft)
240 2.4344e-08 6.08052e-12 0 0.00698132 0.00233343 5.82832e-07 0 (dft)
240 2.51592e-08 4.69927e-13 0 0.00698132 0.00241157 4.50436e-08 0 (dft)
240 2.5273e-08 3.62695e-14 0 0.00698132 0.00242248 3.47652e-09 0 (dft)
245 2.94666e-08 -4.88693e-09 0 0.00698132 0.00282445 -0.000468424 0 (dft)
245 2.07101e-08 4.91758e-11 0 0.00698132 0.00198511 4.71362e-06 0 (dft)
245 2.42303e-08 7.1191e-12 0 0.00698132 0.00232253 6.82383e-07 0 (dft)
245 2.51348e-08 5.83113e-13 0 0.00698132 0.00240923 5.58928e-08 0 (dft)
245 2.52693e-08 4.7245e-14 0 0.00698132 0.00242212 4.52855e-09 0 (dft)
250 3.08635e-08 -5.62001e-09 0 0.00698132 0.00295834 -0.000538692 0 (dft)
250 2.05364e-08 5.00697e-11 0 0.00698132 0.00196846 4.7993e-06 0 (dft)
250 2.41101e-08 8.27396e-12 0 0.00698132 0.00231101 7.93079e-07 0 (dft)
250 2.51072e-08 7.17564e-13 0 0.00698132 0.00240659 6.87803e-08 0 (dft)
250 2.52648e-08 6.09377e-14 0 0.00698132 0.00242169 5.84103e-09 0 (dft)
255 3.23888e-08 -6.42605e-09 0 0.00698132 0.00310454 -0.000615953 0 (dft)
255 2.03777e-08 5.01166e-11 0 0.00698132 0.00195326 4.8038e-06 0 (dft)
255 2.39839e-08 9.5469e-12 0 0.00698132 0.00229892 9.15094e-07 0 (dft)
255 2.50763e-08 8.75948e-13 0 0.00698132 0.00240363 8.39617e-08 0 (dft)
255 2.52594e-08 7.78592e-14 0 0.00698132 0.00242118 7.463e-09 0 (dft)
260 2.40617e-08 1.12802e-08 0 0.00698132 0.00230637 0.00108124 0 (dft)
260 2.25294e-08 7.61424e-10 0 0.00698132 0.0021595 7.29844e-05 0 (dft)
260 2.38934e-08 4.90786e-11 0 0.00698132 0.00229024 4.70431e-06 0 (dft)
260 2.48797e-08 3.47038e-12 0 0.00698132 0.00238478 3.32645e-07 0 (dft)
260 2.50694e-08 2.74704e-13 0 0.00698132 0.00240297 2.63311e-08 0 (dft)
265 2.2575e-08 1.19183e-08 0 0.00698132 0.00216387 0.0011424 0 (dft)
265 2.26397e-08 8.4984e-10 0 0.00698132 0.00217007 8.14592e-05 0 (dft)
265 2.37897e-08 5.75489e-11 0 0.00698132 0.0022803 5.51621e-06 0 (dft)
265 2.4846e-08 4.24644e-12 0 0.00698132 0.00238155 4.07032e-07 0 (dft)
265 2.50628e-08 3.49479e-13 0 0.00698132 0.00240233 3.34984e-08 0 (dft)
270 2.09019e-08 1.25694e-08 0 0.00698132 0.0020035 0.00120481 0 (dft)
270 2.27767e-08 9.4465e-10 0 0.00698132 0.0021832 9.0547e-05 0 (dft)
270 2.3685e-08 6.7107e-11 0 0.00698132 0.00227027 6.43237e-06 0 (dft)
270 2.48091e-08 5.16081e-12 0 0.00698132 0.00237801 4.94676e-07 0 (dft)
270 2.50551e-08 4.4104e-13 0 0.00698132 0.00240159 4.22747e-08 0 (dft)
275 1.90421e-08 1.3232e-08 0 0.00698132 0.00182523 0.00126832 0 (dft)
275 2.29399e-08 1.04589e-09 0 0.00698132 0.00219884 0.000100251 0 (dft)
275 2.35801e-08 7.78356e-11 0 0.00698132 0.00226021 7.46073e-06 0 (dft)
275 2.4769e-08 6.23133e-12 0 0.00698132 0.00237417 5.97288e-07 0 (dft)
275 2.50462e-08 5.52327e-13 0 0.00698132 0.00240074 5.29419e-08 0 (dft)
280 -6.18046e-08 3.67755e-08 0 0.00698132 -0.00592412 0.00352502 0 (dft)
280 9.45178e-09 1.63495e-09 0 0.00698132 0.000905976 0.000156714 0 (dft)
280 2.1755e-08 4.69297e-11 0 0.00698132 0.00208527 4.49833e-06 0 (dft)
280 2.43961e-08 -6.95636e-13 0 0.00698132 0.00233843 -6.66784e-08 0 (dft)
280 2.48782e-08 -3.93008e-13 0 0.00698132 0.00238463 -3.76708e-08 0 (dft)
285 -6.50884e-08 3.8604e-08 0 0.00698132 -0.00623888 0.00370029 0 (dft)
285 8.55112e-09 1.85079e-09 0 0.00698132 0.000819645 0.000177402 0 (dft)
285 2.1457e-08 5.79057e-11 0 0.00698132 0.00205671 5.5504e-06 0 (dft)
285 2.43181e-08 -4.83279e-13 0 0.00698132 0.00233095 -4.63234e-08 0 (dft)
285 2.48616e-08 -4.52886e-13 0 0.00698132 0.00238305 -4.34102e-08 0 (dft)
290 -6.83756e-08 4.04139e-08 0 0.00698132 -0.00655397 0.00387377 0 (dft)
290 7.62834e-09 2.08555e-09 0 0.00698132 0.000731195 0.000199905 0 (dft)
290 2.11448e-08 7.0715e-11 0 0.00698132 0.00202678 6.7782e-06 0 (dft)
290 2.42331e-08 -1.69174e-13 0 0.00698132 0.00232281 -1.62158e-08 0 (dft)
290 2.48429e-08 -5.16299e-13 0 0.00698132 0.00238125 -4.94885e-08 0 (dft)
295 -7.16636e-08 4.21982e-08 0 0.00698132 -0.00686913 0.0040448 0 (dft)
295 6.68331e-09 2.33988e-09 0 0.00698132 0.000640611 0.000224283 0 (dft)
295 2.08187e-08 8.55558e-11 0 0.00698132 0.00199552 8.20073e-06 0 (dft)
295 2.4141e-08 2.68849e-13 0 0.00698132 0.00231398 2.57699e-08 0 (dft)
295 2.48217e-08 -5.8218e-13 0 0.00698132 0.00237922 -5.58033e-08 0 (dft)
300 -7.4947e-08 4.39501e-08 0 0.00698132 -0.00718385 0.00421272 0 (dft)
300 5.71589e-09 2.61438e-09 0 0.00698132 0.000547882 0.000250595 0 (dft)
300 2.04787e-08 1.02636e-10 0 0.00698132 0.00196293 9.83794e-06 0 (dft)
300 2.40415e-08 8.55773e-13 0 0.00698132 0.00230444 8.20279e-08 0 (dft)
300 2.4798e-08 -6.4909e-13 0 0.00698132 0.00237695 -6.22168e-08 0 (dft)
